55
64
165
21
39
119
161
169
173
79
0
302
56
38
61
6122
28901
89068
243
33535
70371
542347
0
1
9
4
0
5
4
4
5
3
0
5
4
0
6
159
1137
1469
0
0
2699
13539
0
1
1
1
0
2
0
1
1
0
0
1
0
0
2
200
1764
4635
0
0
1182
3701
0
1
4
0
0
2
0
0
1
0
0
0
0
0
0
56
0
0
0
0
1440
3894
0
0
0
0
0
0
0
0
0
0
0
0
0
0
0
201
2764
7466
0
482
1171
2002
0
0
1
0
0
0
1
1
1
1
0
1
0
0
0
19
0
0
0
0
458
560
0
6
2
0
0
2
0
2
3
0
0
4
0
0
0
89
0
0
0
0
2739
6426
0
1
0
0
0
0
0
1
1
1
0
0
0
0
1
157
1882
2148
0
230
2525
1802
0
0
1
0
2
1
5
5
5
0
0
5
2
0
2
100
0
0
0
0
2444
8509
0
5
0
1
0
1
0
1
2
1
0
4
0
0
2
87
0
0
0
0
2735
4980
1
1
4
0
1
4
3
4
5
6
0
12
2
0
2
153
806
1169
0
0
3298
9952
0
6
7
1
4
10
11
12
9
8
0
13
4
2
1
577
1646
6837
0
169
7431
26698
0
2
0
0
0
1
2
0
1
1
0
2
0
0
1
374
3591
7696
0
312
2280
11936
0
2
3
0
1
2
2
2
2
1
0
3
0
0
1
126
390
1489
0
0
2297
3078
1
2
6
0
3
7
5
6
11
7
0
10
2
0
1
166
0
0
0
0
5115
15204
1
1
6
1
3
3
4
4
9
2
0
9
2
0
3
101
0
0
0
0
2965
13351
0
4
4
1
1
4
2
6
6
2
0
4
0
1
2
206
943
2058
0
1810
4976
30156
0
0
1
0
1
1
0
1
2
0
0
1
1
0
2
118
76
763
0
0
1771
1419
0
0
1
1
0
0
1
2
0
0
0
1
0
1
2
190
586
2051
0
3347
927
2646
1
1
5
1
0
5
11
7
5
3
0
12
3
0
1
337
1521
4652
0
0
5749
19694
0
0
0
0
0
0
0
0
0
0
0
0
0
0
0
0
0
0
0
0
0
0
0
1
5
1
3
8
10
12
9
4
0
9
4
1
0
109
0
0
0
0
4720
16009
0
3
3
0
0
2
0
0
1
0
0
2
1
0
0
69
0
0
0
708
1049
1637
0
2
3
0
0
1
0
0
0
0
0
4
1
1
1
146
662
2392
0
923
1142
4632
1
0
1
0
0
0
3
1
1
0
0
2
1
1
1
220
1345
1085
0
1283
2069
3633
0
2
2
1
4
2
7
6
4
1
0
2
1
0
0
122
0
0
0
539
3303
10595
0
5
8
2
4
9
7
18
14
4
0
15
2
2
0
523
1204
5063
0
3433
3200
35040
0
4
7
0
1
0
2
3
3
2
0
6
1
0
4
125
0
0
0
1201
2371
9850
0
0
0
0
0
0
0
0
0
1
0
0
0
0
0
103
762
3006
0
0
0
623
0
1
0
0
0
0
0
0
1
0
0
2
0
0
0
47
0
0
0
329
719
506
1
8
8
1
3
10
7
10
3
3
0
2
11
1
3
591
4669
13201
0
0
4930
25017
1
0
0
0
0
1
1
0
0
0
0
0
0
1
1
153
2514
3362
0
425
2369
594
0
0
1
0
0
1
0
1
0
0
0
2
1
0
0
48
180
1693
0
0
813
1284
1
5
14
3
9
9
10
20
11
3
0
20
11
2
2
721
799
3672
0
3266
9533
29622
0
4
6
0
0
1
3
2
0
0
0
4
1
0
1
156
336
3155
0
906
2804
4576
2
4
7
3
2
5
17
12
16
4
0
16
0
0
0
180
0
0
0
904
4916
25291
0
0
0
0
0
1
0
0
0
0
0
1
0
0
0
0
0
0
0
0
0
0
0
0
0
0
0
0
0
0
0
0
0
0
0
0
0
0
0
0
0
0
0
0
0
1
0
0
0
3
1
0
1
0
0
1
0
0
0
77
0
0
0
1174
928
2495
0
0
0
0
0
0
0
0
0
0
0
0
0
0
0
0
0
0
0
0
0
0
0
2
7
1
4
7
3
13
13
0
0
9
2
0
5
201
513
508
0
2670
2735
16575
0
2
1
1
0
1
1
1
1
2
0
1
0
0
1
56
0
0
0
396
1255
2527
0
1
1
0
0
3
2
0
1
0
0
0
0
0
1
40
0
0
0
393
811
1671
1
7
9
0
1
7
9
6
10
1
0
12
2
1
3
298
1616
2379
0
411
4452
19201
0
2
2
1
1
4
6
6
2
0
0
3
2
0
0
221
1415
3466
0
323
2521
11557
0
2
4
1
0
5
2
3
1
0
0
8
0
0
1
221
0
0
0
2530
2432
7984
1
1
0
0
1
2
0
2
0
0
0
3
1
0
0
142
691
3492
0
586
980
653
1
6
11
2
5
8
15
4
12
3
0
15
5
0
3
137
0
0
0
1282
3380
19137
0
0
0
0
0
0
0
0
0
0
0
0
0
0
0
0
0
0
0
0
0
207
0
1
2
0
1
5
2
6
3
2
0
3
0
0
1
92
0
0
0
795
2103
8265
0
2
0
0
0
0
0
1
1
0
0
1
1
0
1
99
995
2120
0
1555
1023
3664
2
6
4
2
3
6
3
4
1
0
0
2
3
0
2
199
887
3598
0
2211
1462
5817
1
5
7
1
3
6
8
6
9
3
0
12
4
0
5
182
0
0
0
1094
3434
20297
1
0
1
0
0
0
0
0
0
0
0
2
0
0
0
61
0
1207
0
0
1575
1428
0
0
0
0
1
0
4
3
2
0
0
2
1
1
0
339
4156
4157
0
4008
0
5474
0
1
7
1
1
6
2
10
9
1
0
5
2
0
0
336
0
0
0
1616
4626
11237
0
1
1
0
2
3
1
6
1
0
0
2
3
0
0
114
0
0
0
398
2997
8292
0
0
0
0
0
0
0
0
0
0
0
0
0
0
0
0
0
0
0
0
0
0
0
1
0
0
0
1
1
1
0
0
0
0
0
0
1
96
0
0
0
342
1280
694
0
0
1
0
0
0
1
0
0
0
0
0
0
0
1
537
2882
3240
0
4042
3760
14667
1
1
3
0
0
1
1
0
0
0
0
1
0
0
1
67
0
0
0
0
1589
2834
0
3
1
0
0
0
0
0
2
1
0
1
1
0
0
140
522
1603
0
0
1895
2442
0
0
1
0
1
6
1
4
3
1
0
4
8
1
0
244
0
0
0
2881
1647
9020
0
5
4
2
0
11
4
5
3
5
0
1
4
2
2
438
3139
4973
0
4307
0
15067
4
1
4
1
2
2
7
4
6
3
0
3
4
1
1
255
835
2156
0
3611
0
16270
0
2
0
0
1
0
5
3
2
2
0
1
1
0
0
156
0
0
0
1322
3717
9624
1
2
3
1
9
2
9
15
12
6
0
11
2
1
6
172
0
0
0
4602
2055
27935
0
3
8
1
2
0
2
8
8
3
0
9
1
0
0
423
2803
2482
0
1734
2243
15562
0
3
7
3
4
11
6
13
7
7
0
6
5
1
3
327
1009
451
0
5751
119
21688
0
2
3
0
4
2
4
3
1
2
0
4
0
0
0
172
1746
1562
0
1494
790
5805
0
0
1
0
0
0
0
1
0
1
0
2
0
0
0
14
0
0
0
436
458
1653
0
0
0
1
0
0
0
1
2
0
0
0
0
0
0
37
0
0
0
785
314
1083
0
0
1
1
4
3
7
4
3
1
0
4
3
0
0
155
1038
2254
0
478
2059
8085
2
1
4
1
6
13
8
13
8
2
0
11
10
0
4
420
0
0
0
3816
5839
19110
0
2
3
1
3
10
10
8
5
1
0
5
6
1
2
412
0
0
0
2864
5292
12336
0
8
2
1
2
7
6
3
5
3
0
8
5
1
4
137
0
0
0
0
4132
12716
1
10
8
1
12
18
11
11
10
1
0
14
6
3
2
267
0
0
0
1575
5067
27735
0
0
0
0
0
0
0
0
0
0
0
1
0
0
0
182
2531
1735
0
808
0
1187
2
4
17
1
2
12
11
36
23
6
0
27
10
4
4
237
0
0
0
2495
5168
46722
0
6
5
0
1
5
2
9
3
0
0
10
1
1
1
289
1516
3372
0
940
4217
14087
0
0
0
0
0
2
0
1
3
0
0
1
2
0
0
121
1176
0
0
971
874
1145
0
0
0
0
0
0
0
0
0
0
0
0
0
0
0
168
2035
1160
0
831
0
1765
1
4
5
0
0
10
6
3
5
1
0
12
5
1
2
343
2888
3802
0
1744
3861
16933
2
0
2
0
0
3
3
8
4
2
0
9
1
0
3
371
2684
2454
0
1548
2773
12403
1
1
5
1
3
1
4
1
6
3
0
7
2
0
1
508
3133
3498
0
248
3228
9203
0
4
6
0
2
4
2
4
9
4
0
3
3
1
0
226
1325
3079
0
0
3222
10086
2
3
8
2
5
5
4
18
12
7
0
21
6
1
3
453
657
6977
0
0
6395
23007
0
0
0
0
0
0
1
0
0
0
0
1
0
1
0
1054
6082
12267
159
1699
335
9221
0
0
0
0
0
1
0
0
0
0
0
1
0
0
0
17
0
0
0
0
494
320
0
1
1
1
1
1
3
4
2
2
0
2
0
0
0
358
541
701
0
1110
3534
4528
0
0
0
0
0
0
0
0
0
0
0
0
0
0
0
0
0
0
0
0
0
0
2
1
4
0
0
0
0
3
0
1
0
0
0
0
0
851
3255
3051
0
1529
231
2832
0
0
0
0
0
0
0
0
0
0
0
0
0
0
0
0
0
0
0
0
0
0
1
1
2
0
1
7
4
2
4
0
0
11
1
1
1
84
0
0
0
0
3340
8923
0
0
6
0
2
5
4
4
1
1
0
2
3
0
0
223
1531
1631
0
205
2225
6551
0
0
0
0
0
0
0
0
0
0
0
0
0
0
0
0
0
0
0
0
0
217
0
0
0
0
0
0
0
0
0
0
0
0
0
0
0
0
0
0
0
0
0
0
0
0
0
0
0
0
0
0
1
0
0
0
0
0
0
0
0
0
0
0
0
397
0
0
0
0
0
0
0
0
0
0
0
0
0
0
0
26
0
470
0
0
226
420
1
0
0
1
0
2
2
13
2
1
0
2
1
0
1
740
5524
892
547
1956
1028
7916
0
0
0
0
0
0
0
0
0
0
0
0
0
0
0
0
0
0
0
0
0
375
0
0
0
0
0
0
0
1
0
0
0
0
0
0
1
27
0
541
0
254
185
576
0
0
4
1
0
6
3
3
2
1
0
1
2
0
0
224
376
1957
0
461
2609
5729
0
0
1
0
0
0
0
0
0
0
0
0
0
0
0
9
0
315
0
0
185
504
0
0
0
0
0
0
0
0
0
0
0
0
1
0
0
20
0
489
0
0
134
0
1
5
3
3
0
7
4
7
1
4
0
4
3
0
0
512
1633
2815
0
1381
2278
9671
0
0
0
0
0
0
0
0
0
0
0
0
0
0
0
37
128
498
0
0
189
524
0
0
1
0
0
0
1
1
0
0
0
0
0
0
0
94
472
629
0
0
366
524
0
0
1
0
0
0
0
0
0
0
0
0
0
0
0
0
0
0
0
0
0
0
0
1
1
0
0
2
2
0
2
0
0
3
1
0
0
119
33
1200
0
0
1589
3885
0
0
0
1
1
2
6
2
5
1
0
0
2
1
0
119
210
2125
0
0
1929
7551
0
0
0
0
0
1
0
2
0
0
0
1
0
0
0
926
8056
9677
0
1283
1011
2902
1
1
4
3
2
9
8
11
8
5
0
10
4
0
1
493
178
1200
0
2140
6170
21400
0
0
0
0
0
0
0
2
0
0
0
0
1
0
0
108
386
482
0
856
248
1054
2
6
2
0
0
3
5
3
2
1
0
0
0
1
2
290
1206
1242
0
148
2392
5246
2
2
8
3
2
10
4
5
7
3
0
7
6
1
2
545
3451
4434
0
382
4075
16707
2
2
0
0
3
5
8
4
3
2
0
3
1
2
2
292
2962
1858
0
3001
1402
12327
0
5
4
1
3
4
1
0
3
1
0
4
2
0
0
110
178
1245
0
0
2040
5074
0
1
1
0
1
1
4
2
4
0
0
0
2
0
0
176
0
0
0
1045
2282
3142
0
0
4
0
1
3
11
4
8
1
0
5
1
2
0
200
210
3307
0
0
3130
19210
0
2
3
0
2
9
5
5
3
0
0
5
2
1
1
130
0
0
0
0
3306
11837
0
1
8
0
3
8
4
14
9
3
0
5
7
1
2
307
298
1331
0
0
4707
12955
0
1
0
0
1
2
4
0
1
0
0
1
0
0
0
100
0
1186
0
0
1061
2797
2
5
12
0
1
5
1
7
4
1
0
11
1
1
3
1133
5789
7199
1928
0
3187
13005
0
0
1
0
0
2
1
4
0
2
0
4
1
2
1
116
0
368
0
1769
1320
4984
0
1
2
1
2
2
1
2
4
4
0
4
0
1
2
273
1322
3359
545
0
1728
6331
0
1
4
0
0
1
0
1
0
0
0
1
0
0
2
70
0
0
0
0
1599
2295
0
1
3
1
0
4
0
4
1
2
0
0
2
0
0
304
0
0
0
657
3806
4230
0
0
1
0
0
0
0
0
0
0
0
1
0
0
1
56
978
0
0
0
443
234
0
2
1
0
0
1
0
0
0
0
0
2
1
0
0
149
568
1680
474
0
0
1371
0
2
2
0
0
0
4
6
5
4
0
3
3
0
0
439
3442
3601
132
0
3211
8587
1
0
0
0
2
0
4
3
2
1
0
2
1
0
0
73
0
0
0
0
2605
3645
0
7
12
0
2
12
13
6
11
5
0
5
5
0
4
359
1962
2390
0
0
5064
20687
0
1
0
0
0
0
0
0
0
0
0
0
0
0
0
132
1312
1496
269
0
0
765
0
0
3
0
1
4
9
3
3
2
0
3
1
0
0
105
0
0
0
0
2852
7692
0
0
0
0
0
0
0
0
0
0
0
0
0
0
0
0
0
0
0
0
0
231
1
3
4
3
1
5
3
1
4
1
0
5
3
1
2
450
2971
5098
133
0
2470
10981
3
1
5
1
2
8
3
9
7
5
0
9
2
1
7
352
879
3862
0
6421
598
16562
0
2
7
1
1
6
1
5
2
0
0
3
1
0
1
387
1552
4145
394
0
2215
8208
1
0
3
1
0
5
4
11
3
3
0
2
1
0
1
348
0
0
0
2477
4523
9055
1
0
4
0
2
1
2
5
4
1
0
3
0
0
2
173
471
3758
0
0
2306
7239
0
0
0
0
0
1
1
0
1
0
0
0
1
0
0
130
701
851
0
811
1142
1225
0
6
7
0
3
8
5
9
8
6
0
3
5
0
4
289
0
0
0
978
4743
13213
0
0
0
0
1
0
2
2
1
1
0
4
2
1
0
101
1016
1400
440
0
1076
2543
0
2
0
0
0
1
4
1
2
2
0
1
0
0
0
50
0
0
0
0
1600
2443
0
0
1
2
1
5
6
2
7
4
0
4
4
1
1
370
1530
4752
1195
0
3204
7436
0
0
2
1
4
1
8
5
5
3
0
1
0
0
1
387
1826
4477
0
0
2832
8380
0
3
7
3
1
5
8
3
5
4
0
4
4
0
1
268
1644
3577
1196
0
3465
10433
1
2
4
1
1
14
6
4
7
3
0
5
4
1
1
161
0
0
0
2938
1847
16619
1
0
1
2
0
1
1
7
2
1
0
2
0
0
0
54
0
0
0
0
1941
2921
4
5
8
3
8
16
21
11
9
5
0
9
10
0
2
178
0
0
0
0
5424
25539
0
4
3
0
2
1
3
0
5
1
0
4
0
0
0
94
0
0
0
0
2765
4984
0
2
2
0
0
0
0
0
1
0
0
2
1
0
1
82
560
970
0
148
942
1177
0
1
0
0
0
1
0
0
0
0
0
0
0
0
0
200
1179
1712
528
0
964
779
0
0
1
0
0
0
0
1
1
0
0
0
1
0
0
152
0
998
0
383
1098
854
1
0
3
1
0
4
3
1
3
3
0
5
5
3
2
481
2654
2429
0
2960
1801
9883
0
6
1
2
3
3
4
6
3
1
0
6
6
0
1
454
2204
5218
493
2159
1303
7594
7
47
127
10
19
75
46
43
104
26
0
123
32
13
30
4154
26314
35298
2499
8218
26136
238626
5
10
30
4
3
9
21
18
36
15
0
54
7
5
5
1358
8152
27794
0
4029
3255
83129
0
0
0
0
0
1
0
1
0
0
0
0
0
0
1
445
2794
4239
0
738
1612
2592
0
0
1
0
2
1
0
2
4
0
0
4
0
0
0
111
0
3023
0
0
1631
4162
0
0
0
0
0
0
0
0
0
0
0
0
0
0
0
0
0
0
0
0
0
0
0
0
0
0
0
0
0
0
0
0
0
1
0
0
0
0
0
0
0
0
0
0
0
0
0
0
0
0
0
0
0
0
0
1
0
0
0
0
0
0
0
0
0
0
0
1
0
1
0
3
2
2
0
1
0
0
3
0
2
131
0
0
0
0
2909
2655
2
9
14
1
4
27
14
11
14
6
0
4
9
0
5
479
2158
5088
0
4572
4327
27756
0
1
4
1
2
2
4
8
7
2
0
2
2
1
3
134
574
823
0
0
3936
12361
0
2
4
2
3
4
9
9
4
7
0
3
7
0
5
188
0
0
0
1136
3348
11476
0
0
0
0
0
0
0
0
0
0
0
0
0
0
0
0
0
0
0
0
0
49
5
6
4
2
8
23
14
16
13
7
0
15
10
1
5
297
0
0
0
3883
4961
36912
0
1
0
0
0
1
1
0
1
0
0
2
2
0
0
123
0
1883
0
292
1999
3218
0
0
0
0
0
2
0
0
1
0
0
0
0
0
0
88
304
1592
0
0
1434
1060
1
0
0
2
4
2
3
3
4
2
0
4
3
0
1
288
858
3856
111
0
3946
9552
2
2
1
2
3
2
6
6
6
1
0
3
5
0
1
133
0
0
0
0
3410
8866
0
0
0
0
0
0
0
0
0
0
0
0
0
0
0
0
0
0
0
0
0
1561
1
1
0
1
1
2
4
5
3
0
0
4
0
0
0
144
0
0
0
1745
2124
5861
0
0
1
0
1
5
2
4
1
0
0
0
0
1
0
271
513
3533
0
1847
1516
7051
0
0
1
0
0
0
0
0
0
0
0
1
0
0
0
290
753
2332
0
94
1797
554
0
2
4
0
3
0
3
0
2
1
0
0
1
0
1
161
938
1024
0
602
1281
1839
1
2
5
1
2
4
7
8
5
3
0
2
3
0
2
201
535
0
0
432
2874
8246
4
3
7
1
4
6
6
7
2
2
0
6
2
2
2
374
1532
5348
0
6725
283
31795
1
4
14
0
5
16
13
13
17
2
0
10
7
1
3
498
4653
3816
0
4893
3330
31117
0
0
1
0
1
1
1
0
0
0
0
0
0
0
1
24
0
0
0
0
736
481
8
5
10
1
4
17
7
13
6
8
0
6
9
0
3
276
0
0
0
3888
4039
29075
3
0
0
0
2
5
6
5
1
3
0
1
2
0
2
176
0
0
0
2241
2148
5557
1
1
1
0
0
0
0
0
1
2
0
1
1
0
0
485
1780
3594
0
549
2099
2927
0
2
1
0
5
4
2
3
4
1
0
3
2
0
0
270
835
1338
0
1235
2314
6967
1
2
1
0
2
6
3
7
12
3
0
4
1
1
0
208
355
414
0
2264
2342
10421
0
0
0
0
0
0
0
0
0
0
0
0
0
0
0
0
0
0
0
0
0
0
1
0
1
0
0
2
0
0
2
1
0
1
0
0
1
248
1196
1039
0
190
1435
2358
0
0
0
0
0
0
0
0
0
0
0
0
0
0
0
0
0
0
0
0
0
0
0
0
0
0
0
0
0
0
1
0
0
2
0
0
0
36
351
455
0
0
240
717
1
0
1
0
1
2
3
3
1
1
0
3
2
0
2
157
0
0
0
440
3436
4660
0
0
3
0
0
2
0
0
1
1
0
2
0
0
0
268
1809
1253
0
1983
139
1906
0
0
0
0
0
0
0
0
0
0
0
0
0
0
0
0
0
0
0
0
0
0
2
1
3
0
4
1
5
9
1
2
0
4
0
1
3
160
0
0
0
768
3516
10777
0
5
1
0
1
2
0
1
4
1
0
1
0
0
0
199
1113
0
79
1490
1002
3938
0
3
2
0
0
0
1
1
4
1
0
5
1
0
0
889
8075
2293
1335
3165
0
8039
0
1
1
0
0
6
1
4
4
2
0
3
3
0
1
171
370
0
0
1388
2420
9641
0
0
0
0
0
0
0
0
0
0
0
0
0
0
0
0
0
0
0
0
0
0
2
1
3
0
0
1
1
4
0
0
0
2
0
1
3
704
2553
10152
3498
1169
0
13325
0
0
0
0
0
0
0
0
0
0
0
0
0
0
0
0
0
0
0
0
0
0
4
3
7
1
1
6
7
5
9
4
0
6
5
1
3
161
0
0
0
2436
2067
12605
0
0
0
0
0
0
0
0
0
0
0
0
0
0
0
0
0
0
0
0
0
0
0
0
3
0
0
4
1
2
1
0
0
1
1
0
1
101
0
0
0
0
2765
3487
0
0
1
0
1
3
1
2
2
0
0
4
0
0
0
166
1086
0
0
1771
660
5177
2
0
3
1
0
4
6
2
2
1
0
4
0
0
2
153
0
0
0
0
4343
6260
0
2
0
0
3
1
1
1
3
1
0
1
1
0
1
252
1880
1984
0
723
597
4954
1
1
5
0
0
5
1
2
0
1
0
2
1
0
4
197
0
0
0
1498
3520
25135
5
11
25
0
2
17
14
13
19
5
0
35
13
5
7
1658
7105
17059
1061
9677
3905
67017
0
2
2
0
1
6
4
4
3
3
0
1
6
0
0
118
0
0
0
897
2966
7349
0
2
3
0
0
5
1
3
1
1
0
3
2
1
1
82
0
0
0
1791
1071
3174
3
1
5
1
0
0
6
8
2
1
0
10
4
1
2
355
1180
2744
0
3698
241
13776
0
1
1
0
0
0
2
2
2
1
0
3
0
1
1
82
89
1872
0
897
914
4839
1
4
6
1
1
1
1
9
6
1
0
5
2
1
2
127
0
0
0
703
2684
7489
1
0
2
0
0
2
1
4
2
2
0
5
0
0
1
146
0
0
0
459
2798
4137
0
1
2
0
0
8
6
7
4
2
0
6
2
0
2
167
0
0
0
2000
2363
7564
1
0
2
0
1
5
2
7
1
0
0
3
2
1
0
195
0
0
0
1460
3189
18741
0
1
1
0
1
2
2
6
2
0
0
5
1
1
0
111
68
399
0
2326
0
3173
0
0
0
0
0
0
0
2
1
0
0
1
0
0
1
147
1961
1301
0
0
713
1995
0
0
0
0
1
1
2
1
0
0
0
0
0
1
0
58
115
1731
0
567
239
3670
0
0
6
0
3
3
1
8
3
1
0
3
4
0
2
255
1871
4137
696
0
2482
12121
4
2
11
4
3
5
11
17
13
6
0
25
2
2
6
252
1317
7367
0
1142
3501
40220
0
1
5
1
2
6
0
1
8
2
0
17
1
0
1
192
576
959
0
161
3789
16476
2
0
4
0
1
2
1
3
2
3
0
5
1
0
1
465
2957
5707
265
492
3587
7936
2
1
4
1
1
1
2
13
4
0
0
5
1
0
0
138
0
0
0
519
3035
6300
0
1
4
1
0
1
0
9
4
1
0
2
0
1
1
68
0
0
0
817
1424
3881
0
2
6
0
4
2
2
8
5
2
0
6
1
1
4
242
202
543
0
822
4087
14974
0
1
3
1
0
2
1
2
0
1
0
3
1
0
1
172
314
2208
0
0
3217
5047
0
5
8
1
0
4
2
6
6
3
0
9
4
0
0
182
290
1475
0
0
4044
17978
1
3
3
1
0
3
3
11
3
0
0
8
2
0
3
141
0
0
0
1637
2731
10026
0
0
1
1
1
1
0
3
0
0
0
1
0
0
0
128
348
1602
0
573
2385
4214
0
2
2
2
1
4
2
8
1
2
0
7
1
1
1
297
0
0
0
157
6712
12912
0
0
0
0
0
0
0
0
0
0
0
0
0
0
0
0
0
0
0
0
0
0
1
0
2
0
0
2
0
3
0
1
0
1
0
1
0
127
0
0
0
1042
2046
13417
1
0
2
0
0
2
1
4
0
1
0
5
1
0
2
138
323
0
0
1585
1224
4835
0
0
0
0
0
0
0
0
0
0
0
0
0
0
0
0
0
0
0
0
0
0
5
0
4
1
0
2
3
9
5
1
0
1
1
0
1
116
0
0
0
1271
2139
6465
1
1
1
0
0
1
1
3
0
0
0
1
1
1
0
105
0
190
0
1669
0
968
0
0
0
0
0
0
0
0
0
0
0
0
0
0
0
0
0
0
0
0
0
0
0
4
0
0
0
2
0
1
6
0
0
1
1
0
0
78
0
0
0
1682
444
3491
2
5
7
3
2
5
5
1
4
3
0
14
4
2
1
324
1662
4011
0
1875
4326
14050
1
3
7
0
2
3
4
5
3
1
0
3
4
1
1
220
84
2356
0
1654
2476
10470
0
0
0
0
0
0
0
0
0
0
0
0
0
0
0
0
0
0
0
0
0
98
0
4
6
0
1
2
2
14
9
2
0
0
2
0
2
170
110
2671
0
2385
263
12382
3
0
3
0
2
0
9
11
4
0
0
6
1
2
10
268
0
0
0
1339
5504
32136
1
0
1
1
1
2
0
4
1
2
0
1
1
0
1
102
0
0
0
466
1951
2602
1
1
4
2
0
2
2
8
8
3
0
5
4
1
1
237
322
1956
0
0
3843
12364
0
1
6
4
0
1
3
7
6
3
0
14
6
0
0
217
0
0
0
0
5822
21852
1
3
4
1
0
2
3
5
1
1
0
2
2
0
1
110
0
0
0
1410
1723
4585
1
0
1
0
0
3
1
4
2
1
0
1
1
0
2
163
0
0
0
1214
1832
3598
0
0
4
2
1
1
3
11
8
2
0
6
0
1
1
156
748
2998
0
0
3376
14457
0
1
0
0
0
0
1
3
1
0
0
0
1
0
0
70
0
0
0
1736
444
2075
1
3
6
1
5
10
5
9
5
6
0
14
5
3
4
402
1402
2206
0
4410
2646
16341
0
0
2
1
0
4
3
3
2
1
0
8
3
0
1
111
0
0
0
0
3028
8259
2
1
5
1
1
4
1
6
4
2
0
4
3
1
2
200
628
1599
0
0
3409
7631
1
0
9
0
0
3
3
5
7
2
0
6
1
3
1
269
593
2649
0
0
5156
13266
1
1
2
0
1
2
1
13
7
3
0
6
3
0
0
138
0
0
0
2431
2038
11673
0
0
0
0
0
0
0
0
0
0
0
0
0
0
0
0
0
0
0
0
0
0
0
0
1
1
0
2
0
1
1
1
0
3
0
0
0
92
251
1330
0
0
1454
2871
1
0
3
0
0
0
2
3
2
0
0
1
2
0
0
164
0
0
0
1997
1497
4236
0
1
1
0
0
2
0
0
0
0
0
0
0
0
1
265
1742
1089
0
0
1949
2361
0
1
6
3
2
4
3
9
8
5
0
14
2
0
4
191
0
0
0
0
5010
16735
0
0
0
0
0
2
0
0
1
0
0
1
0
0
1
51
0
0
0
0
1274
976
0
0
0
0
0
4
2
3
1
3
0
2
0
0
0
52
0
0
0
1914
0
3105
1
0
0
0
0
2
0
1
0
0
0
0
0
0
0
62
0
0
0
603
828
816
0
0
3
0
0
3
2
2
2
1
0
6
1
0
1
264
298
2644
0
0
3086
6242
0
2
1
0
1
3
2
3
2
2
0
1
2
0
0
81
146
1322
0
1714
0
5217
0
0
0
0
0
0
0
0
0
0
0
0
0
0
0
0
0
0
0
0
0
0
1
0
3
1
1
1
2
3
0
2
0
2
0
0
0
130
0
1090
0
237
1931
3141
2
0
1
0
0
2
5
2
3
2
0
3
1
2
5
259
0
0
0
114
5352
17389
4
1
5
4
0
7
3
8
7
7
0
6
4
1
0
125
22
0
0
0
3798
11980
0
0
1
0
0
3
3
3
2
0
0
1
1
0
2
295
1311
1737
0
0
3467
2379
0
0
0
0
0
0
0
0
0
0
0
0
0
0
0
0
0
0
0
0
0
247
0
1
0
0
0
0
1
0
0
1
0
0
0
0
2
124
694
1383
0
0
1727
2430
0
3
2
0
0
5
4
6
2
3
0
4
1
0
1
71
0
0
0
743
1907
7452
0
2
5
0
2
6
3
10
3
6
0
6
1
0
3
136
0
0
0
1073
2497
16720
0
0
1
0
0
1
2
2
1
0
0
3
1
0
1
151
0
0
0
2323
469
2238
3
1
3
3
0
8
6
14
5
2
0
7
10
0
1
217
489
1259
0
0
4877
13403
1
1
2
1
1
3
3
5
11
2
0
10
2
0
3
411
1396
1573
0
0
7362
14648
0
1
11
0
1
3
4
10
8
6
0
16
0
1
1
414
3898
6781
0
1837
4807
23921
5
8
8
0
1
8
5
2
4
1
0
5
0
2
3
332
1075
0
2557
1610
1423
12069
1
7
12
1
2
16
11
9
15
6
0
16
8
0
5
487
1967
4335
0
772
5415
29545
4
2
3
2
0
6
0
3
1
2
0
2
1
0
2
214
701
0
474
2349
1205
9768
0
0
0
1
0
1
0
0
0
0
0
1
1
0
3
353
2576
2071
0
0
2687
2541
0
0
0
0
0
0
0
0
0
0
0
0
0
0
0
0
0
0
0
0
0
0
0
3
4
1
0
2
2
5
6
3
0
7
1
0
1
206
849
3365
0
915
2866
12955
0
0
2
0
0
1
1
2
1
0
0
3
0
1
0
71
0
0
0
0
2330
2916
0
1
0
0
0
0
0
0
2
1
0
1
0
0
0
61
0
0
0
1408
264
2613
1
2
3
0
1
2
3
2
5
1
0
1
1
0
3
268
231
680
0
0
5600
7346
1
0
2
0
0
1
1
1
1
0
0
5
1
0
2
237
2212
5436
0
0
3700
6388
0
0
0
0
0
0
0
0
0
0
0
0
0
0
0
44
0
1553
0
0
0
0
4
4
2
1
1
6
2
3
0
1
0
2
1
0
0
126
0
0
0
3433
181
9221
1
0
1
0
0
1
0
1
1
0
0
0
1
0
0
34
0
0
0
431
345
783
0
1
0
1
2
2
1
10
1
2
0
0
0
0
0
200
461
1768
0
2199
257
4482
0
0
1
1
0
3
2
5
2
0
0
1
1
0
1
190
242
0
0
685
3012
3646
0
0
0
0
0
0
0
0
0
0
0
1
0
0
0
52
109
486
0
948
0
1110
1
1
2
2
1
1
2
5
5
2
0
1
2
0
1
273
849
2746
0
1098
4122
10147
0
0
1
0
0
1
0
2
2
0
0
0
0
0
1
6
0
0
0
280
0
715
0
0
0
0
0
1
0
1
1
0
0
0
0
0
1
0
0
0
0
0
0
0
0
0
0
0
0
0
0
0
0
0
0
0
0
0
0
19
0
0
0
159
257
548
0
0
0
0
0
0
0
1
0
1
0
0
0
1
0
30
0
0
0
376
510
681
1
7
3
0
1
5
6
6
7
1
0
13
4
1
3
409
2138
3183
0
1306
3916
17821
0
1
0
0
0
1
0
0
0
0
0
1
0
0
0
257
1667
1488
0
1193
0
413
2
0
4
2
0
5
1
3
1
7
0
1
4
1
4
119
0
0
0
550
3020
8108
0
0
0
0
0
0
0
0
0
0
0
0
0
0
0
32
0
992
0
0
0
0
7
2
2
1
0
1
0
0
0
4
0
1
1
1
1
92
0
0
0
955
1760
5860
0
0
0
0
0
2
1
3
0
0
0
3
0
0
0
53
0
0
0
324
1321
2551
0
0
1
0
0
0
0
0
1
0
0
0
0
0
0
6
0
0
0
293
0
0
0
0
3
0
0
10
2
9
4
1
0
7
0
0
2
78
0
0
0
0
3376
7825
0
0
0
0
0
0
0
0
0
0
0
0
0
0
0
0
0
0
0
0
0
0
0
0
0
0
0
0
0
0
0
0
0
0
0
0
0
0
0
0
0
0
0
0
0
1
0
0
0
1
0
0
1
0
0
2
0
2
0
146
366
0
0
1811
445
892
1
0
7
2
0
3
2
3
10
1
0
14
3
0
0
120
0
0
0
990
3168
16231
0
2
7
1
0
6
0
4
1
23
0
6
3
0
3
195
0
0
0
633
4364
14503
0
0
0
0
0
1
0
0
0
0
0
1
0
0
0
9
0
0
0
0
299
756
0
0
4
0
0
5
2
7
1
4
0
0
0
0
1
89
0
0
0
930
2091
4020
0
2
2
0
0
0
0
2
0
0
0
3
1
0
0
97
494
2167
0
0
1938
5530
4
2
12
4
3
4
11
17
9
2
0
14
1
1
4
196
0
0
0
697
4594
24423
0
0
4
0
1
4
0
7
7
2
0
6
0
0
1
196
0
0
0
801
3344
8919
0
0
0
1
0
0
0
0
0
0
0
0
0
0
0
12
0
0
0
342
156
643
1
0
10
0
0
2
4
6
3
2
0
7
4
1
1
634
6489
11858
0
0
3242
21401
0
0
0
0
0
0
0
0
0
0
0
0
0
0
0
0
0
0
0
0
0
462
0
0
0
1
0
0
0
0
0
0
0
0
0
0
0
0
0
0
0
0
0
220
0
0
0
0
0
0
0
0
0
0
0
0
0
0
0
0
0
0
0
0
0
155
0
0
0
0
0
0
0
0
0
0
0
0
0
0
0
6
0
0
0
0
262
510
0
0
0
0
0
0
0
0
0
2
0
0
0
0
0
8
0
0
0
282
0
516
0
13
4
0
0
3
2
0
1
1
0
3
0
0
1
760
7303
3230
0
2905
1941
16667
0
0
3
0
0
0
0
0
4
0
0
1
0
0
0
232
998
1311
0
1044
1352
816
0
0
0
0
0
0
0
0
0
0
0
0
0
0
0
0
0
0
0
0
0
0
1
2
2
0
1
2
2
6
0
3
0
3
2
1
1
94
0
0
0
1064
1308
8365
0
0
0
0
0
0
0
0
0
0
0
0
0
0
0
0
0
0
0
0
0
0
0
0
0
0
0
0
0
1
0
1
0
0
0
0
0
24
0
0
0
300
397
553
0
3
6
0
0
6
3
7
7
4
0
6
2
0
0
167
0
0
0
1166
3169
11873
1
1
4
0
0
4
1
2
2
3
0
1
0
0
0
79
0
0
0
501
1491
2545
0
0
0
0
0
0
0
0
0
0
0
0
0
0
0
28
0
515
0
0
0
0
0
0
0
0
0
0
0
0
0
0
0
0
0
0
0
0
0
0
0
0
0
0
0
0
0
0
0
0
0
0
0
0
0
0
0
0
0
0
0
0
0
0
0
0
0
0
3
0
0
6
2
5
1
12
0
4
0
0
2
214
0
0
0
682
4281
9449
0
0
0
0
0
0
0
0
0
0
0
0
0
0
0
0
0
0
0
0
0
0
0
0
0
0
0
0
0
0
0
3
0
0
1
0
0
26
0
0
0
0
500
371
0
2
9
1
4
6
7
7
9
8
0
13
3
0
4
518
3716
7382
0
600
4890
28795
0
0
0
0
0
0
0
3
0
0
0
0
0
0
0
178
826
0
0
1274
796
439
1
1
2
0
1
9
2
7
2
3
0
6
3
0
2
93
0
0
0
0
3578
10299
1
2
9
0
1
1
4
4
4
1
0
6
0
0
3
121
0
0
0
881
2590
11166
0
0
0
0
0
0
0
0
0
0
0
0
0
0
0
22
0
199
541
0
0
0
1
2
20
5
6
14
17
50
11
7
0
25
5
2
4
425
769
4726
0
0
8950
58934
3
1
1
1
0
5
1
2
0
0
0
2
2
1
5
532
0
1762
10071
737
357
10955
0
0
0
0
0
0
0
0
0
1
0
0
0
0
0
0
0
0
0
0
0
154
0
0
0
0
0
0
0
0
0
0
0
0
0
0
0
0
0
0
0
0
0
0
0
1
1
0
0
1
1
0
0
0
0
0
0
0
0
70
278
816
489
0
0
1060
0
1
3
0
0
2
2
0
0
0
0
3
0
0
0
149
1432
0
0
450
1354
1397
0
0
1
0
1
0
2
6
4
0
0
3
0
0
1
544
1241
1323
0
3414
0
3499
0
0
0
0
0
0
0
0
0
0
0
0
0
0
0
0
0
0
0
0
0
0
0
3
2
0
0
1
1
1
1
1
0
7
1
0
2
567
2388
2942
1353
339
562
4353
1
3
8
2
5
3
7
3
8
1
0
11
3
1
3
597
1894
6428
0
1048
5947
22689
0
0
5
0
0
3
3
4
1
6
0
3
0
1
3
122
0
0
0
1842
1589
7932
0
0
2
0
0
0
0
2
4
1
0
0
0
0
0
72
168
0
0
1460
0
1827
0
0
0
0
0
0
0
0
0
0
0
0
0
0
0
0
0
0
0
0
0
121
0
7
12
1
1
9
2
4
7
2
0
21
1
0
4
351
276
0
0
3566
2660
12978
1
2
1
0
2
1
5
10
2
2
0
4
3
1
3
291
494
2475
0
0
7086
16009
4
6
8
1
2
11
2
14
2
3
0
8
2
0
3
558
1739
2196
1414
0
5507
18926
0
4
5
3
0
4
0
4
4
2
0
6
3
0
2
103
0
0
0
1008
2615
7268
0
1
2
0
2
4
3
3
7
0
0
4
1
0
4
417
2313
2575
0
711
2576
6335
4
5
14
1
1
6
2
2
8
4
0
10
7
1
12
759
1274
6484
0
7234
921
21856
2
1
4
1
0
1
2
0
1
0
0
1
1
0
1
501
2138
1250
1026
1955
0
5451
0
2
0
1
1
2
0
1
6
2
0
2
2
1
0
203
573
2561
0
0
2425
4457
0
1
5
0
2
4
3
7
6
2
0
9
1
1
2
196
0
0
0
332
3575
10609
0
0
3
0
0
0
1
4
3
2
0
2
0
0
0
161
467
2743
0
468
2072
4853
1
1
6
2
3
13
3
5
7
3
0
6
7
1
4
122
0
0
0
509
3341
16289
0
0
0
0
0
0
0
0
0
0
0
0
0
0
0
0
0
0
0
0
0
0
1
0
3
0
0
1
3
1
0
3
0
2
1
0
2
97
0
0
606
707
1117
4046
0
0
1
0
1
0
0
1
3
1
0
4
1
0
1
169
576
173
2452
0
385
1675
4
0
12
5
5
15
6
27
6
10
0
17
6
2
3
392
1118
1639
0
1597
4354
35826
1
1
1
0
0
3
3
0
0
0
0
1
0
1
1
671
4916
9344
825
0
1457
25625
2
0
2
0
0
3
4
3
0
2
0
1
1
0
1
244
86
0
0
4041
125
6100
1
5
6
1
0
3
1
0
2
0
0
2
1
0
2
87
0
0
0
889
1623
5291
0
1
0
0
0
0
0
0
0
0
0
0
0
0
0
0
0
0
0
0
0
274
0
0
6
0
0
3
1
0
1
5
0
0
3
0
0
97
0
0
623
0
1876
5907
0
1
1
0
0
0
0
3
0
1
0
1
1
0
0
98
455
1150
0
1006
0
2180
0
0
1
0
0
0
0
0
0
1
0
0
1
0
0
154
562
549
1072
85
0
456
1
0
4
1
0
4
0
3
1
8
0
4
5
0
1
210
0
0
791
0
3835
7989
0
0
0
0
0
0
0
0
0
0
0
0
1
0
0
23
0
0
0
319
459
344
0
0
4
1
1
0
0
0
2
2
0
1
1
0
0
198
943
1335
0
554
1021
5488
2
2
2
0
0
3
1
3
2
0
0
4
1
0
1
98
0
0
1256
957
561
4255
0
0
0
0
0
0
0
0
2
0
0
0
0
0
0
227
825
0
0
1841
573
1914
4
8
9
0
2
17
5
10
16
4
0
18
9
0
1
296
0
0
0
3473
3870
25313
2
1
1
0
0
3
4
6
14
3
0
8
2
0
1
286
301
2871
0
0
5353
22623
1
1
1
0
5
1
2
5
1
1
0
1
1
0
1
408
2431
4026
0
0
5195
7946
1
0
0
1
1
2
3
0
1
1
0
2
0
0
0
77
0
0
1749
169
0
1026
1
0
7
1
0
0
1
4
4
0
0
3
1
0
1
114
0
0
0
0
3696
7515
0
0
4
1
0
1
1
4
3
1
0
4
0
0
0
503
2096
3658
0
0
4826
6420
0
0
0
0
0
0
0
0
0
0
0
0
0
0
0
0
0
0
0
0
0
0
0
0
0
0
0
1
0
0
0
0
0
1
0
0
0
64
111
109
1191
0
0
547
0
0
0
0
0
0
0
0
0
0
0
0
0
0
0
0
0
0
0
0
0
0
0
0
0
0
0
0
0
0
0
0
0
0
0
0
0
0
0
0
0
0
0
0
0
0
4
0
0
4
1
9
5
0
0
6
2
0
3
326
738
3037
0
0
5899
23725
0
1
4
1
2
2
1
7
7
4
0
2
3
1
4
654
6023
7559
0
0
8447
32078
0
4
4
0
2
6
3
4
7
0
0
9
6
1
4
460
3816
5283
483
0
2655
17601
0
0
1
0
0
0
1
0
0
0
0
0
0
0
0
79
372
827
0
1299
0
1191
2
1
2
1
0
3
1
1
2
1
0
3
1
0
2
124
0
0
992
1328
1236
5987
0
0
0
0
0
1
2
4
0
2
0
0
2
0
0
187
121
0
595
0
3231
4562
0
0
0
0
0
0
0
0
0
0
0
0
0
0
0
0
0
0
0
0
0
0
1
5
7
0
0
3
3
1
3
1
0
1
1
1
4
222
0
0
0
2950
1010
6611
1
0
1
0
0
3
1
2
0
0
0
0
1
1
2
91
0
0
721
1053
561
1773
0
0
5
0
0
3
0
1
8
1
0
5
1
0
1
152
2130
0
0
1104
534
6454
3
2
6
0
0
9
2
3
2
3
0
4
1
0
0
256
555
1031
0
0
3503
8344
0
0
0
0
0
0
0
0
0
0
0
0
0
0
0
0
0
0
0
0
0
0
1
1
6
1
1
3
0
3
1
1
0
2
0
0
1
158
452
1614
0
0
4091
11648
1
1
3
1
0
6
3
0
1
0
0
0
2
0
1
68
0
0
118
1932
0
3929
0
0
1
0
0
0
1
2
1
0
0
0
1
0
1
131
709
0
0
732
538
2268
0
1
0
0
0
0
0
0
0
0
0
0
0
0
0
17
0
0
208
0
274
276
1
6
15
2
4
11
9
12
13
6
0
10
12
0
6
375
1626
2918
754
835
4877
34455
0
1
0
0
0
0
0
0
0
0
0
0
0
0
0
0
0
0
0
0
0
0
0
0
0
0
0
0
0
0
0
0
0
0
0
0
0
0
0
0
0
0
0
276
0
0
2
0
0
1
0
4
2
1
0
1
0
0
2
82
0
0
0
678
1981
5048
0
0
0
0
0
0
0
0
0
0
0
0
0
0
0
0
0
0
0
0
0
0
0
0
5
1
2
1
2
8
2
6
0
4
2
2
4
211
0
0
778
778
3721
10653
0
0
2
0
1
0
0
3
2
0
0
2
0
0
2
283
863
987
320
1754
0
2767
0
0
0
0
0
0
1
0
0
0
0
0
0
0
0
234
271
1418
0
1333
0
425
0
0
1
0
1
1
2
1
1
1
0
0
1
1
1
163
693
0
0
1952
0
1822
1
0
1
0
0
0
0
1
1
0
0
0
0
1
0
58
0
0
1668
0
0
0
0
2
5
2
1
12
7
20
8
5
0
7
5
0
2
179
0
0
0
0
4540
23894
4
3
2
1
1
1
0
1
1
0
0
1
0
0
3
84
0
0
642
741
702
3611
7
4
14
1
1
8
5
5
11
2
0
10
8
1
4
539
935
4319
536
6127
2994
24018
2
0
2
2
0
7
0
1
1
0
0
1
0
0
1
125
0
0
0
739
1614
5518
2
6
11
0
2
4
2
2
7
0
0
8
4
2
13
339
801
5298
0
3061
681
13552
1
0
3
1
0
1
1
1
0
0
0
3
0
0
0
243
1774
2397
0
0
2824
7954
0
5
12
1
2
8
0
14
11
2
0
9
4
0
1
424
124
1156
0
4346
4950
16252
0
0
0
1
0
1
0
2
1
0
0
1
2
0
0
57
0
0
0
587
1212
3320
1
0
4
2
0
4
0
6
1
1
0
3
1
1
1
121
0
0
302
678
2576
7347
0
1
1
2
0
7
1
2
0
2
0
1
0
1
0
142
0
0
0
2074
1060
6238
0
0
0
1
0
1
1
1
0
0
0
1
1
0
3
216
348
1075
0
877
1008
2159
0
0
0
0
0
0
0
0
0
0
0
0
0
0
0
0
0
0
0
0
0
174
0
0
0
0
0
0
0
0
0
0
0
0
0
0
0
0
0
0
0
0
0
0
0
1
2
1
1
3
0
4
0
1
0
4
2
1
0
102
31
0
365
1601
812
4686
0
1
1
0
0
2
2
7
2
1
0
3
3
1
0
127
0
0
610
2743
0
5413
2
2
2
0
0
4
1
3
1
2
0
1
0
0
3
346
549
39
0
2699
2437
5815
1
0
2
0
0
6
1
2
0
1
0
1
0
0
2
89
0
0
0
1026
1562
6273
0
0
0
0
0
0
0
0
0
0
0
0
0
0
0
0
0
0
0
0
0
90
0
1
0
0
0
1
2
2
0
1
0
1
0
0
0
163
0
0
0
1467
2407
3197
0
0
0
0
0
0
0
0
0
0
0
0
0
0
0
0
0
0
0
0
0
0
2
1
5
1
2
2
2
2
7
1
0
8
5
2
3
162
216
129
0
1518
1682
7065
0
0
0
0
0
0
0
0
0
0
0
0
0
0
0
0
0
0
0
0
0
0
0
0
0
0
0
0
1
0
0
0
0
0
0
1
0
340
2317
2728
0
0
2445
1442
0
1
4
0
0
4
1
2
4
0
0
1
2
1
1
84
0
0
0
587
2420
6600
1
2
2
0
0
1
2
0
0
0
0
0
1
0
2
629
2284
7339
814
6362
0
6371
0
0
2
0
0
2
2
6
2
0
0
0
0
1
1
59
0
0
0
750
1322
4766
0
0
0
0
0
1
0
1
0
0
0
0
0
0
0
266
3475
3950
0
0
2258
3021
0
3
2
0
0
0
1
3
0
1
0
1
1
1
2
167
610
1786
687
1953
0
3477
0
0
0
1
0
1
0
0
0
1
0
0
0
0
0
187
452
2308
0
968
0
1380
1
0
6
0
0
1
2
2
4
3
0
9
0
0
0
241
619
1595
0
0
4967
12303
0
0
6
2
3
2
3
7
6
1
0
8
1
1
1
372
596
2764
0
0
7012
27037
0
0
4
1
1
1
1
5
3
3
0
5
5
0
1
589
3121
5661
711
0
4969
19012
0
0
0
0
0
0
0
0
0
0
0
0
0
0
0
0
0
0
0
0
0
0
0
2
7
0
0
6
5
6
8
4
0
8
1
0
6
752
5413
5943
0
1693
3597
20555
0
0
0
0
0
0
0
0
0
0
0
1
0
0
0
638
8220
9870
131
0
1276
13745
0
1
6
1
0
4
1
5
2
1
0
3
1
0
2
93
0
0
0
460
2178
7215
2
0
2
0
2
7
5
8
2
0
0
7
6
1
3
535
1289
656
0
3301
3956
12887
4
2
3
0
1
6
3
2
3
0
0
6
6
1
2
205
0
0
2074
2030
969
11142
0
0
0
0
0
0
0
0
0
0
0
0
0
0
0
0
0
0
0
0
0
0
0
0
3
0
0
2
0
0
0
0
0
1
0
0
2
218
690
1353
0
1279
2228
3215
0
1
7
0
2
2
4
7
4
5
0
5
0
0
3
298
769
3901
0
0
7450
20136
0
4
18
2
0
2
5
1
6
1
0
12
3
0
5
366
410
3051
0
2922
3554
11984
0
0
0
0
0
2
1
2
1
2
0
0
1
0
1
60
0
0
0
422
1205
2080
0
1
0
0
0
0
0
0
2
0
0
1
0
0
0
212
969
825
0
1306
224
763
0
3
6
1
0
5
1
1
6
1
0
12
3
1
3
802
3186
4712
0
2528
5565
12669
2
0
2
0
1
5
4
1
4
1
0
9
0
0
2
562
1685
3842
0
0
7924
11476
0
0
3
0
0
3
0
4
1
0
0
2
2
0
0
152
0
0
0
509
2979
7133
0
10
2
0
1
2
1
1
2
0
0
2
1
1
0
126
0
0
0
2208
2116
4896
0
0
1
0
0
3
1
1
1
0
0
1
3
1
0
119
0
0
0
818
1480
5318
0
2
5
0
1
2
5
14
4
1
0
3
2
1
1
331
2553
2586
0
0
5012
14711
0
0
0
0
0
0
0
0
0
0
0
0
0
0
0
0
0
0
0
0
0
0
2
2
4
0
1
2
7
8
8
2
0
7
1
0
1
166
149
1007
0
0
4427
13914
0
0
2
0
1
2
0
3
0
0
0
2
0
0
3
85
0
0
0
1289
1307
5266
0
0
0
0
0
4
0
3
2
0
0
6
0
0
0
115
0
0
0
364
2240
6730
0
0
0
0
0
0
0
0
0
0
0
0
0
0
0
0
0
0
0
0
0
172
0
0
0
0
0
0
0
0
0
0
0
0
0
0
0
0
0
0
0
0
0
0
0
0
0
0
0
0
0
0
0
0
0
0
0
0
0
0
0
0
0
0
0
0
0
2
1
0
0
2
1
5
0
1
0
0
0
0
0
81
0
0
0
1783
444
4925
2
4
14
1
2
7
7
6
13
5
0
26
5
1
4
819
4917
8482
0
5329
1983
31773
0
1
3
1
0
3
1
2
5
1
0
2
1
0
0
155
0
0
0
792
3014
5576
0
0
0
0
0
0
1
0
0
0
0
0
0
1
0
224
1047
1619
0
0
3211
1518
0
0
12
1
3
5
4
28
10
5
0
10
2
2
2
581
564
2119
0
4038
7431
22524
2
0
6
3
2
7
2
9
4
3
0
9
3
0
0
521
5355
5378
0
2075
4026
14922
0
0
4
0
4
8
3
9
7
2
0
4
3
0
2
196
0
0
0
876
4158
16258
1
4
3
1
0
26
6
12
9
1
0
4
9
1
3
312
187
1338
0
4343
1678
29203
0
0
0
0
0
0
0
0
0
0
0
0
0
0
0
0
0
0
0
0
0
0
0
0
0
0
0
0
0
0
0
0
0
0
0
0
0
0
0
0
0
0
0
0
0
0
2
0
0
1
0
0
2
0
0
2
0
0
0
431
3768
3915
0
0
687
7506
0
0
3
1
2
2
5
10
5
4
0
1
3
0
1
259
0
0
0
0
7497
18937
1
0
6
0
3
4
1
5
8
1
0
10
2
0
2
410
741
2385
0
1792
4369
19269
2
0
8
0
0
2
1
7
6
4
0
3
1
0
0
551
3916
7018
0
0
3218
14121
0
0
0
0
0
0
0
0
0
0
0
0
0
0
0
0
0
0
0
0
0
0
1
0
7
1
1
6
3
8
5
1
0
8
3
0
1
162
0
0
0
0
3663
10604
2
0
4
2
1
2
4
4
4
3
0
8
2
0
1
272
1439
3233
0
0
4585
12089
1
1
1
0
0
1
0
0
2
0
0
3
1
0
1
77
0
0
0
1622
39
3218
0
0
0
0
0
1
1
1
0
0
0
0
0
0
0
221
1297
1261
0
2142
414
482
1
0
0
0
0
2
0
0
0
1
0
0
1
0
0
55
0
0
0
0
1442
1696
2
10
55
1
1
18
7
3
10
4
0
29
6
1
5
822
4517
7458
0
1766
5403
31986
1
2
2
0
0
2
5
4
7
3
0
7
3
0
1
278
524
1887
0
258
5542
16237
0
4
13
4
5
11
11
23
11
7
0
21
8
1
3
948
2043
982
0
9309
4418
31602
1
0
3
0
1
7
2
5
1
2
0
2
1
0
2
148
0
0
0
1112
2446
6783
0
0
0
0
0
0
1
0
0
0
0
0
1
1
0
393
4497
3861
0
0
2011
0
0
0
2
1
0
9
1
3
4
2
0
3
1
0
0
142
0
0
0
2827
143
7944
0
2
7
4
7
5
15
20
14
9
0
12
5
0
2
355
0
0
0
0
9868
32379
0
1
4
1
0
2
0
1
2
1
0
3
0
0
2
255
723
2138
0
455
2217
4362
1
1
1
0
1
0
0
3
1
1
0
1
1
0
0
352
3608
2095
0
0
4050
8929
0
0
0
0
0
0
0
0
0
0
0
0
0
0
0
0
0
0
0
0
0
0
0
2
10
1
0
5
2
15
8
0
0
17
3
0
3
339
2942
4647
0
978
3226
20279
1
2
2
1
1
3
5
13
10
2
0
1
1
0
0
179
0
0
0
0
5785
17612
1
0
0
0
0
1
0
1
2
1
0
1
1
0
1
66
0
0
0
1157
278
1652
0
0
0
0
0
0
0
0
0
0
0
0
0
0
0
0
0
0
0
0
0
160
2
2
2
1
0
8
3
1
4
0
0
4
4
1
2
176
825
2947
0
1302
1261
10823
4
6
13
1
3
13
6
14
12
6
0
25
7
0
3
530
70
316
0
4169
4836
38441
7
2
20
2
2
21
3
13
16
8
0
12
12
5
6
438
1083
2606
0
4091
3795
36381
1
0
1
0
0
0
4
1
1
3
0
2
0
0
0
121
262
421
0
0
2905
3835
1
0
2
0
0
0
1
0
0
0
0
2
0
0
2
182
1531
1262
0
0
1799
1131
3
2
1
0
0
5
1
0
3
1
0
1
3
0
1
169
0
0
0
2532
1159
4167
0
0
3
1
0
0
1
0
1
1
0
2
2
0
1
177
0
0
1792
1064
0
2912
0
0
1
0
0
0
0
0
0
0
0
0
0
0
0
30
0
0
0
0
640
694
0
0
3
0
1
2
4
2
5
3
0
6
1
0
1
226
174
1643
0
0
4550
9954
0
0
2
0
0
0
0
0
1
0
0
0
0
0
2
121
0
0
441
1930
0
1850
2
7
12
4
5
8
11
17
20
6
0
16
4
1
5
320
0
0
0
4147
5481
50856
0
1
1
0
1
2
1
0
0
0
0
0
1
0
1
46
0
0
0
1205
0
1541
0
0
2
0
0
2
0
1
1
0
0
0
0
0
0
62
0
0
0
380
1064
2924
0
0
0
0
0
0
0
0
0
0
0
0
0
0
0
26
0
0
226
0
0
0
0
0
0
0
0
0
0
0
0
0
0
0
0
0
0
501
4266
6676
0
274
1160
307
1
1
13
0
1
3
0
0
7
0
0
9
4
0
3
177
1226
956
0
0
4046
10148
0
0
0
0
0
0
0
0
0
0
0
0
0
0
0
32
0
0
1442
0
0
0
2
1
3
1
2
4
5
2
2
3
0
5
1
2
2
601
1019
1331
6160
951
0
16749
1
1
5
0
0
2
0
2
0
0
0
2
2
0
4
89
0
0
0
1104
1242
4109
1
0
4
2
1
0
8
8
2
4
0
4
0
0
1
443
2211
2389
0
70
5462
10185
3
1
1
0
2
1
5
9
6
5
0
15
2
0
1
324
1503
764
0
0
5536
15542
0
0
0
0
0
0
0
3
2
0
0
1
0
0
0
341
1900
2090
0
80
2292
3290
0
0
0
0
0
0
0
0
0
0
0
0
0
0
0
0
0
0
0
0
0
249
0
1
2
0
1
3
1
3
1
0
0
2
1
0
0
115
469
1766
0
0
2098
3294
0
0
1
1
0
2
4
12
2
0
0
5
3
0
3
735
2381
3628
0
5012
3871
9971
0
1
3
2
2
2
5
5
4
4
0
1
1
0
1
351
442
3519
0
0
6523
10805
1
5
2
0
0
4
0
5
6
0
0
4
2
0
3
244
0
1593
0
0
4646
11926
0
0
0
0
0
0
0
0
0
0
0
0
0
0
0
0
0
0
0
0
0
0
0
0
0
0
0
0
0
0
0
0
0
0
0
0
0
0
0
0
0
0
0
0
0
0
0
0
1
0
0
0
0
0
0
0
0
0
0
42
0
0
0
476
128
417
0
0
3
1
0
0
1
0
2
1
0
1
1
0
5
268
193
0
2219
1209
258
2401
1
0
2
0
0
7
1
1
1
0
0
1
2
0
1
123
0
0
0
1695
605
3394
0
0
0
0
1
0
1
1
1
0
0
0
0
0
0
163
841
2230
0
0
1908
3567
1
0
0
0
0
0
1
0
0
0
0
2
0
0
0
34
271
987
0
0
627
1232
0
3
5
1
2
3
1
4
10
0
0
9
1
0
2
134
155
89
0
1361
2361
13501
0
0
0
0
0
0
0
0
0
0
0
0
0
0
0
0
0
0
0
0
0
0
0
0
1
0
1
0
1
2
1
1
0
3
1
0
0
178
0
0
0
2298
658
3456
3
4
23
3
3
14
12
21
13
10
0
14
7
1
6
745
796
2098
0
6968
6580
43582
0
0
0
0
0
0
0
0
0
0
0
0
0
0
0
0
0
0
0
0
0
489
0
2
1
0
0
6
1
5
1
1
0
1
1
1
0
223
0
0
0
5886
861
7317
0
0
0
0
0
0
0
0
0
0
0
0
0
0
0
0
0
0
0
0
0
489
2
2
2
1
2
3
0
1
2
4
0
2
3
1
3
151
332
0
1587
1687
0
6167
0
0
0
0
0
0
0
0
0
0
0
0
0
0
0
0
0
0
0
0
0
0
0
0
0
0
0
0
0
0
0
0
0
0
0
0
0
0
0
0
0
0
0
0
1
0
2
0
0
1
0
1
2
1
0
3
1
0
2
209
291
0
516
2399
0
3264
1
0
1
1
0
1
0
2
0
2
0
0
0
0
0
92
0
0
544
325
894
1747
1
1
4
0
2
1
9
12
1
1
0
6
0
0
2
244
521
1534
0
0
4732
9156
0
2
5
0
0
3
7
3
0
2
0
7
1
0
3
117
360
799
0
1374
623
8224
0
0
0
0
0
0
0
0
0
0
0
0
0
0
0
0
0
0
0
0
0
0
0
0
0
0
0
0
0
0
0
0
0
0
0
0
0
0
0
0
0
0
0
0
1
3
8
1
1
5
2
1
9
1
0
11
0
1
1
147
0
0
0
0
3648
12433
0
0
0
0
0
0
0
0
0
0
0
0
0
0
0
0
0
0
0
0
0
0
0
2
3
1
0
5
0
4
1
1
0
1
1
0
0
219
0
0
772
2637
134
4290
0
0
3
1
2
0
4
3
1
2
0
4
1
0
1
239
230
3049
0
0
4848
5531
0
0
0
0
0
0
0
0
0
0
0
0
0
0
0
0
0
0
0
0
0
0
2
1
4
0
3
2
9
7
4
3
0
9
3
0
0
134
0
0
0
0
4220
15483
0
1
3
1
1
2
3
1
3
1
0
0
0
1
1
237
551
972
0
4302
473
4648
0
4
10
0
0
2
0
1
4
1
0
15
1
0
1
146
0
0
0
0
4386
5867
0
0
3
1
1
2
0
2
1
0
0
1
2
0
1
189
0
0
1305
1130
1502
4991
0
0
3
0
0
0
0
0
0
1
0
1
1
0
0
72
0
0
0
1248
449
2427
0
0
0
0
0
0
0
0
0
0
0
0
0
0
0
0
0
0
0
0
0
274
1
3
3
0
2
1
6
6
4
3
0
6
1
0
3
196
174
609
0
0
4304
8525
0
0
0
1
0
1
0
1
1
0
0
0
2
0
0
37
194
0
0
620
0
1414
0
4
2
0
1
4
1
0
5
1
0
2
3
0
4
146
0
0
0
0
3745
14264
0
0
3
1
0
4
3
2
2
0
0
1
2
0
0
153
368
1607
0
1514
758
5076
1
2
1
0
1
6
4
2
2
1
0
3
3
0
0
143
0
0
0
2301
1834
6719
0
0
4
3
5
3
1
6
2
2
0
3
1
0
2
179
237
2406
0
0
3591
10535
0
0
0
0
0
0
0
0
0
0
0
0
0
0
0
0
0
0
0
0
0
0
0
3
0
0
0
3
3
1
1
0
0
5
2
0
0
72
0
0
0
1288
492
4924
2
0
0
0
0
2
4
5
0
0
0
2
5
0
3
370
1851
0
721
3046
179
7295
3
2
3
0
1
10
6
7
4
0
0
8
5
0
4
558
2189
1092
0
5132
1946
12154
0
0
1
0
0
0
0
0
0
0
0
0
0
0
0
12
0
0
0
475
0
747
0
0
0
1
0
0
0
0
0
1
0
0
0
0
0
15
0
0
0
274
189
554
1
2
3
0
1
9
3
3
3
1
0
6
1
0
1
240
1039
249
1646
1987
0
7628
1
0
1
0
0
1
1
3
1
1
0
0
0
0
0
220
248
644
0
3279
1017
3048
0
0
0
0
0
0
2
2
0
2
0
0
0
0
1
73
0
0
0
1194
328
2679
0
0
1
0
0
0
2
2
0
0
0
0
0
0
0
578
2860
2206
0
1619
181
1477
1
0
4
0
2
1
1
7
1
0
0
5
0
0
0
544
2997
3125
0
550
2892
5395
0
0
0
0
0
0
0
0
0
0
0
0
0
0
0
0
0
0
0
0
0
0
0
0
0
0
0
0
0
0
0
0
0
0
0
0
0
0
0
0
0
0
0
235
1
7
12
0
1
7
13
12
20
4
0
13
10
1
4
296
0
0
0
1259
6145
36581
0
0
0
0
0
0
0
0
0
0
0
0
0
0
0
127
1619
1837
0
181
0
278
3
6
12
1
3
5
12
13
13
5
0
23
4
1
2
425
1017
2146
0
0
7216
25918
0
0
1
0
0
0
0
0
0
0
0
0
0
0
0
0
0
0
0
0
0
0
0
0
1
0
0
0
0
0
0
0
0
0
0
0
0
0
0
0
0
0
0
234
0
1
0
0
0
3
0
0
0
0
0
0
0
0
0
26
0
0
0
397
196
389
0
0
1
1
1
1
0
0
0
0
0
0
1
0
1
63
0
0
960
200
269
739
0
0
0
0
0
0
0
0
0
0
0
0
0
0
0
0
0
0
0
0
0
0
0
0
0
0
2
0
3
1
3
2
0
2
0
1
0
148
456
2336
0
0
1525
6389
0
0
0
0
0
0
0
0
1
0
0
0
0
0
0
240
556
3083
1645
2913
209
2714
0
2
4
1
1
3
0
2
3
2
0
4
3
0
2
145
950
908
0
1977
580
5820
2
3
10
0
2
5
9
10
10
3
0
11
3
0
6
230
0
0
0
0
5426
17764
0
0
0
0
0
0
0
0
0
0
0
0
0
0
0
0
0
0
0
0
0
0
0
0
0
0
0
1
0
0
2
0
0
1
0
0
0
30
0
0
0
564
286
738
0
1
2
0
0
2
2
1
2
0
0
2
1
0
0
40
0
0
0
686
781
2826
3
7
33
2
0
16
6
1
16
2
0
21
10
0
8
233
0
0
0
1246
4852
23836
0
0
0
0
0
0
0
0
0
0
0
0
0
0
0
0
0
0
0
0
0
357
1
2
8
2
1
4
7
11
7
6
0
5
1
1
1
866
2779
4926
0
3577
4624
25072
0
0
0
0
0
0
0
0
0
0
0
0
0
0
0
0
0
0
0
0
0
0
0
1
1
0
3
4
4
5
4
3
0
3
2
0
0
183
95
1961
3218
0
1020
8397
0
0
0
0
0
1
0
0
1
0
0
2
0
0
0
38
0
0
0
0
848
684
0
0
0
0
0
0
0
0
0
0
0
0
0
0
0
0
0
0
0
0
0
195
0
0
0
0
0
0
1
0
0
1
0
1
0
1
1
149
589
0
0
1231
639
2268
0
0
0
0
0
0
0
0
0
0
0
0
0
0
0
0
0
0
0
0
0
0
0
0
0
0
0
0
0
0
0
0
0
0
0
0
0
0
0
0
0
0
0
0
1
0
1
0
0
1
3
2
1
2
0
1
1
0
1
525
2029
1653
1716
1331
372
6680
3
6
13
5
1
36
11
18
19
4
0
21
12
3
6
287
0
0
0
0
6777
44283
0
1
5
1
1
6
11
4
6
0
0
3
2
0
1
177
0
0
0
0
3952
18858
0
0
0
0
0
0
0
0
0
0
0
0
0
0
0
0
0
0
0
0
0
0
1
3
8
0
1
3
2
3
9
2
0
5
5
2
0
684
1034
2626
3967
3356
4349
20563
0
0
0
0
0
0
0
0
0
0
0
0
0
0
0
0
0
0
0
0
0
0
0
0
0
0
0
0
0
0
0
0
0
1
0
0
0
0
0
0
0
0
0
0
0
0
0
0
0
0
0
0
0
0
0
1
0
0
0
11
0
0
0
303
0
390
1
6
18
4
1
9
8
12
19
1
0
25
15
1
10
264
0
0
0
0
6191
40818
1
0
1
0
0
2
1
0
1
0
0
1
0
0
0
48
0
0
0
0
1398
3550
2
6
7
2
3
7
11
12
9
7
0
19
5
1
5
350
1728
4637
0
958
4771
43975
0
0
0
0
0
0
0
0
0
0
0
0
0
0
0
0
0
0
0
0
0
0
4
0
13
1
1
5
2
5
11
3
0
14
5
0
2
323
254
998
0
2808
3971
19991
2
1
8
2
0
8
6
2
1
17
0
3
1
0
6
334
0
1151
0
1861
2554
15208
0
0
0
0
0
0
0
0
0
0
0
0
0
0
0
0
0
0
0
0
0
0
2
2
8
3
4
16
8
11
13
3
0
5
15
0
2
376
0
817
0
3818
2204
24267
0
0
0
0
0
0
0
0
0
0
0
0
0
0
0
0
0
0
0
0
0
0
0
0
5
2
1
5
2
1
3
4
0
3
0
3
0
168
0
1344
0
1579
3354
6794
0
1
6
0
3
1
12
3
1
2
0
4
4
0
3
220
376
1206
0
1466
2201
7839
1
0
0
0
0
0
2
0
0
1
0
2
1
0
1
239
1513
0
0
857
1300
1347
0
0
0
0
0
0
0
0
0
0
0
0
0
0
0
0
0
0
0
0
0
0
1
6
10
0
2
3
4
6
8
3
0
12
5
0
5
288
0
0
0
0
6605
17452
0
0
0
0
0
0
0
0
0
0
0
0
0
0
0
0
0
0
0
0
0
0
0
0
1
0
0
3
4
1
1
1
0
1
1
0
1
216
527
945
0
2204
215
2998
0
0
1
0
0
0
0
1
0
1
0
1
0
0
0
125
1105
3915
0
0
100
684
2
0
0
0
1
5
0
0
0
0
0
1
0
0
1
348
2074
1076
0
678
631
3673
0
0
0
0
0
0
2
0
0
0
0
0
0
0
1
145
443
1400
2932
1134
0
2303
0
0
0
0
0
0
1
0
0
0
0
0
0
0
0
0
0
0
0
0
0
0
0
0
0
0
0
0
1
0
0
0
0
0
0
0
0
12
0
0
0
381
0
749
2
6
19
4
3
28
8
15
15
4
0
10
14
1
7
225
0
0
0
795
5516
37237
1
0
3
1
1
1
6
5
5
1
0
7
0
2
0
318
758
3668
0
657
4218
20133
1
1
5
1
1
4
4
8
2
4
0
6
6
0
3
147
0
0
0
0
3800
11625
0
0
1
0
0
0
2
1
0
1
0
0
1
0
1
214
1028
1906
0
1446
0
3793
1
2
9
1
6
4
8
4
2
0
0
6
3
0
4
189
0
975
0
1933
2407
14522
0
0
1
0
1
1
3
0
1
0
0
0
0
0
1
87
0
843
0
1323
0
1616
0
0
2
0
1
2
3
3
1
0
0
2
0
1
1
350
763
964
2762
2643
0
4919
0
0
1
1
0
0
1
0
0
0
0
2
0
0
0
107
0
2185
0
792
720
1979
2
2
5
1
3
9
18
8
7
2
0
15
3
1
5
242
0
0
0
0
5750
34546
1
0
0
0
0
1
0
0
0
0
0
0
0
0
0
0
0
0
0
0
0
0
0
0
0
0
0
0
0
0
0
0
0
0
0
0
0
0
0
0
0
0
0
307
0
0
0
0
0
0
0
0
0
0
0
0
0
0
0
0
0
0
0
0
0
0
0
0
0
0
0
0
0
0
0
0
0
0
0
0
0
0
0
0
0
0
0
177
0
0
0
0
0
0
0
0
0
0
0
0
0
0
0
0
0
0
0
0
0
317
0
0
0
0
0
0
0
0
0
0
0
0
0
0
0
0
0
0
0
0
0
0
0
0
0
0
0
0
0
0
0
0
0
0
0
0
0
0
0
0
0
0
0
0
0
0
0
0
0
0
0
0
0
1
0
0
0
0
0
0
0
0
0
0
0
0
0
0
0
0
0
0
0
0
0
1
0
0
0
0
0
0
0
0
0
0
0
0
2
2
7
2
1
10
4
0
2
3
0
7
2
0
0
559
1633
10130
0
2371
54
19975
0
0
0
1
0
0
0
1
2
0
0
1
0
0
0
124
106
1322
0
1078
566
2120
0
1
2
1
0
1
4
2
3
1
0
1
0
0
0
58
0
0
0
0
1679
4791
0
4
4
1
0
5
4
4
7
0
0
8
6
0
1
188
0
0
0
0
4809
9962
1
2
1
0
0
2
0
2
0
4
0
1
0
0
1
111
0
188
0
0
2157
3273
2
14
19
3
2
10
19
8
16
7
0
25
7
1
4
371
0
0
0
0
8783
46730
0
0
1
0
0
0
0
0
0
0
0
0
0
0
0
0
0
0
0
0
0
241
2
0
0
0
1
1
1
0
0
1
0
0
0
1
2
74
89
1634
0
0
463
2080
0
1
3
0
1
0
4
3
0
0
0
0
3
0
0
131
155
593
0
1869
160
5057
0
0
0
0
0
0
0
0
0
0
0
0
0
0
1
126
0
3207
0
0
0
2289
0
0
0
0
0
0
0
0
0
0
0
0
0
0
0
0
0
0
0
0
0
0
0
0
1
2
1
3
1
2
0
0
0
3
0
0
0
119
0
0
0
0
2720
5015
0
4
11
1
0
4
4
7
5
2
0
11
1
0
0
303
342
1956
0
2367
2832
11052
2
1
8
1
0
6
6
9
7
1
0
8
6
0
4
481
910
4934
0
4182
3162
29733
1
2
5
1
1
6
5
1
2
1
0
3
2
0
1
223
342
1746
0
486
2842
4738
0
0
0
0
0
0
0
0
0
0
0
0
0
0
0
0
0
0
0
0
0
0
0
1
2
0
0
0
4
1
1
0
0
0
1
0
0
110
156
1073
0
1279
429
3993
0
2
1
1
0
1
3
1
3
0
0
2
1
0
2
253
739
4108
0
116
2518
18793
0
0
1
0
0
0
2
0
0
1
0
0
0
0
1
80
0
941
0
0
349
1028
3
9
11
3
6
15
24
10
9
5
0
13
5
0
2
337
0
0
0
0
8736
37154
0
0
0
0
0
0
0
0
0
0
0
0
0
0
0
0
0
0
0
0
0
0
1
1
4
2
3
5
7
8
5
3
0
10
3
1
2
185
0
0
0
2233
2621
19594
0
0
0
0
0
0
0
0
0
0
0
0
0
0
0
0
0
0
0
0
0
0
1
0
2
1
0
4
1
8
5
2
0
5
1
0
2
364
918
3135
0
1547
1700
10416
0
3
3
0
0
0
1
0
1
1
0
1
5
0
0
46
0
0
0
411
763
2517
0
0
0
0
0
0
0
0
0
0
0
0
0
0
0
0
0
0
0
0
0
0
0
0
0
0
0
0
0
0
0
0
0
0
0
0
0
0
0
0
0
0
0
0
1
4
3
0
2
7
3
3
0
2
0
4
5
1
1
151
0
0
0
0
3205
12718
0
1
0
0
0
1
1
0
1
0
0
0
0
0
0
60
0
0
0
0
1192
1942
0
0
1
0
0
1
1
0
0
0
0
0
1
0
0
12
0
0
0
0
243
675
0
0
1
0
0
0
0
0
0
0
0
0
0
0
0
27
0
1122
0
0
0
362
0
1
5
1
3
10
3
3
2
1
0
2
7
0
1
88
0
0
0
581
2951
9206
1
0
1
0
0
0
1
3
0
0
0
0
0
0
1
292
812
0
1412
2087
0
2981
7
13
14
2
0
16
19
9
9
8
0
21
7
5
7
730
1650
5541
0
298
13173
39995
1
0
0
0
0
1
1
1
0
0
0
1
0
1
0
217
550
0
0
1416
1401
5038
0
0
0
0
0
0
0
0
0
0
0
0
0
0
0
109
0
2903
0
0
0
0
4
5
7
2
4
6
4
9
3
4
0
13
3
1
7
412
0
0
0
7523
2641
21973
0
0
0
0
0
0
0
0
0
0
0
0
0
0
0
0
0
0
0
0
0
0
0
0
0
0
0
0
0
0
0
0
0
0
0
0
0
0
0
0
0
0
0
0
0
0
0
0
0
0
0
0
0
0
0
0
0
0
0
0
0
0
0
0
0
0
2
1
8
1
9
14
13
8
9
3
0
6
7
1
2
159
0
0
0
1564
3603
21769
2
4
9
0
2
15
9
11
13
1
0
14
9
2
1
146
0
0
0
873
4366
21915
0
0
0
0
1
0
1
0
0
0
0
0
0
0
0
89
521
548
0
0
874
756
1
1
3
0
1
1
0
0
4
1
0
1
2
0
1
82
0
0
0
1763
905
2703
0
0
0
0
0
2
0
1
1
1
0
1
0
0
0
268
986
933
588
641
481
1773
0
0
0
0
0
0
0
0
0
0
0
0
0
0
0
0
0
0
0
0
0
0
0
3
4
1
1
3
1
3
4
2
0
6
1
0
0
137
603
1213
0
1235
1528
7125
0
2
2
2
0
0
3
0
4
2
0
4
0
0
1
177
903
1399
0
0
2426
6915
0
2
6
1
2
2
2
2
3
1
0
5
1
1
3
163
668
1664
0
221
2326
6063
0
1
0
0
0
3
0
0
1
0
0
1
0
1
0
50
0
0
0
330
696
1016
0
0
2
0
3
3
1
1
3
0
0
5
1
0
0
177
512
2452
0
0
1026
6985
2
0
0
1
0
1
1
4
0
0
0
2
2
0
0
102
0
0
0
364
2152
3564
0
0
0
0
0
0
0
0
0
0
0
0
0
0
0
0
0
0
0
0
0
0
0
0
1
0
0
1
0
0
2
0
0
1
3
0
1
59
603
1823
0
0
724
2308
0
0
0
0
0
0
0
0
0
0
0
0
0
0
0
0
0
0
0
0
0
0
0
0
0
0
0
0
0
0
0
0
0
0
0
0
0
0
0
0
0
0
0
0
0
0
1
0
0
2
0
1
1
1
0
1
1
0
0
80
0
0
0
597
779
2033
1
0
3
0
1
12
9
8
9
5
0
3
2
0
2
125
0
0
0
497
3918
10824
1
5
7
2
1
9
6
5
8
5
0
10
2
0
2
291
882
2458
0
1677
3168
20146
0
0
0
0
0
4
2
0
0
0
0
0
1
0
0
140
0
3411
0
0
0
10316
0
0
0
0
0
0
0
0
0
0
0
0
0
0
0
122
0
3245
0
0
0
0
0
0
0
0
0
2
0
0
0
1
0
3
3
0
0
126
407
0
155
767
896
2235
0
0
0
0
0
0
0
0
0
0
0
0
0
0
0
42
0
0
0
0
1002
883
0
0
0
0
0
0
1
0
0
1
0
1
1
0
0
68
0
0
0
704
464
2431
0
0
0
2
1
7
10
5
5
4
0
5
7
0
3
301
0
0
116
5332
486
11794
0
0
4
1
2
3
3
5
3
2
0
3
2
1
0
125
0
2150
0
0
2312
7803
0
3
12
0
4
7
7
2
12
1
0
5
4
0
0
272
877
2492
0
0
4742
23208
0
0
0
0
0
0
0
0
0
0
0
0
0
0
0
0
0
0
0
0
0
0
5
7
11
1
3
3
16
2
5
4
0
6
2
0
5
379
0
0
0
0
9094
30727
3
3
11
2
2
2
5
9
9
4
0
9
1
1
3
488
1145
4405
0
0
7925
35274
0
0
0
0
0
0
0
0
0
0
0
0
0
0
0
0
0
0
0
0
0
0
0
0
1
0
0
2
0
4
1
1
0
0
0
0
1
101
0
0
0
981
1327
3080
0
1
0
0
1
1
1
0
1
0
0
1
1
0
1
64
0
0
0
1240
789
2827
0
0
0
0
1
2
0
0
0
0
0
0
0
0
0
41
0
0
0
239
450
384
1
0
4
0
3
4
3
2
5
0
0
2
0
0
1
92
0
0
0
495
2550
6130
0
5
3
1
0
5
5
0
4
1
0
4
4
0
0
317
921
2871
0
2266
2805
21837
0
0
0
0
0
2
1
0
1
0
0
0
0
0
0
61
0
0
0
0
1288
466
0
4
17
7
1
15
5
11
13
9
0
15
7
0
4
316
0
0
0
5544
3286
33506
0
0
0
0
0
0
1
0
0
0
0
0
0
0
0
52
0
0
0
608
314
1135
0
0
0
0
1
2
1
2
2
1
0
0
1
0
0
74
0
0
0
1032
1043
2178
0
0
0
0
0
2
3
3
3
1
0
3
2
0
0
100
0
0
0
924
1182
4789
0
0
3
0
1
5
6
0
1
0
0
3
2
0
1
98
0
0
0
330
3715
3948
0
1
4
0
0
7
6
9
14
2
0
10
5
0
2
285
0
0
0
5164
2185
19448
1
1
1
0
1
7
3
8
3
0
0
3
0
0
1
96
0
0
0
0
3228
10286
1
3
12
2
4
28
25
7
24
6
0
22
14
0
3
378
0
0
0
3663
5868
42113
1
5
6
0
3
5
7
10
6
1
0
9
3
1
3
211
0
0
0
0
6499
20458
2
2
5
0
3
2
10
3
13
6
0
8
2
1
1
295
0
0
0
0
8824
31064
0
0
0
0
0
0
0
0
0
0
0
0
0
0
0
0
0
0
0
0
0
0
0
2
2
0
0
0
2
0
1
1
0
1
1
1
1
271
958
1757
0
0
3252
5571
5
4
20
3
9
28
24
23
28
9
0
23
14
2
4
292
0
0
0
4821
4093
47993
0
0
0
0
0
0
0
0
0
0
0
0
0
0
0
0
0
0
0
0
0
113
2
2
11
0
0
7
5
2
19
7
0
13
3
2
2
255
935
2731
0
0
5333
25046
3
5
14
1
3
9
18
14
10
6
0
11
4
0
4
242
0
0
0
0
7649
41385
0
0
0
0
0
0
0
1
0
0
0
2
1
0
1
36
0
0
0
413
744
907
0
0
0
0
0
0
0
0
1
0
0
0
0
0
0
76
400
1004
0
308
315
1265
0
2
3
0
0
2
1
1
8
2
0
2
2
0
1
90
0
0
0
0
2495
4797
0
0
0
0
0
0
0
0
0
0
0
0
0
0
0
14
0
0
0
0
425
272
0
0
1
0
0
0
2
0
2
0
0
0
0
0
0
86
0
0
0
247
2439
1817
0
0
1
1
1
3
3
0
2
1
0
2
0
0
1
78
0
0
0
227
2156
3881
0
0
0
0
0
0
0
0
0
0
0
0
0
0
0
0
0
0
0
0
0
0
0
0
1
0
0
1
2
1
0
0
0
0
0
0
0
55
0
0
0
574
868
1088
1
6
11
1
5
18
11
4
14
3
0
10
11
1
4
198
0
0
0
1648
4648
23177
0
0
0
0
0
0
0
0
0
0
0
0
0
0
0
25
202
549
0
0
0
0
1
0
4
0
2
5
2
1
0
0
0
5
0
0
2
79
0
0
0
0
2336
5779
1
2
6
1
0
3
4
3
7
3
0
10
4
2
0
140
0
0
0
3546
507
9839
0
0
0
0
0
0
0
0
0
0
0
0
0
0
0
0
0
0
0
0
0
0
5
4
9
3
2
13
9
4
7
2
0
8
4
2
3
124
0
0
0
3377
1418
18052
0
0
0
0
0
0
0
0
0
0
0
0
0
0
0
0
0
0
0
0
0
0
0
0
0
0
0
0
0
0
0
0
0
0
0
0
0
0
0
0
0
0
0
0
0
0
0
0
0
0
0
0
0
0
0
0
0
0
0
8
0
232
0
0
170
541
0
0
0
0
0
0
0
0
0
0
0
0
0
0
0
0
0
0
0
0
0
0
1
1
0
0
0
5
4
1
3
1
0
0
1
0
0
93
0
0
0
792
1438
4554
1
0
2
0
0
2
2
2
1
0
0
3
1
1
1
195
643
2265
0
309
2422
11045
0
0
0
0
0
1
0
0
0
0
0
1
0
0
0
13
0
490
0
0
166
800
3
22
38
5
4
26
14
11
33
12
0
45
13
5
9
2953
8496
34934
0
1752
12951
73559
4
2
5
0
2
2
5
7
5
3
0
6
1
1
0
182
0
0
0
2865
2083
10673
0
0
0
0
1
0
2
1
0
1
0
1
0
0
1
51
0
0
0
1123
300
1525
0
0
3
0
0
3
1
1
2
1
0
0
1
0
0
85
0
0
0
0
2940
5810
0
3
2
0
2
5
2
4
3
2
0
8
2
1
1
182
0
0
0
3920
1413
10118
0
0
0
0
0
0
0
0
0
0
0
0
0
0
0
0
0
0
0
0
0
216
0
0
0
0
0
0
0
0
1
0
0
0
0
0
0
10
0
695
0
0
300
787
0
0
0
0
0
0
0
0
0
0
0
0
0
0
0
0
0
0
0
0
0
366
1
4
5
0
1
7
2
4
9
4
0
4
4
0
1
205
0
0
0
3107
2370
10402
0
0
0
0
0
0
0
0
0
0
0
0
0
0
0
0
0
0
0
0
0
0
0
0
0
1
0
0
0
0
0
0
0
0
0
0
0
12
0
700
0
0
298
758
2
4
8
2
4
8
7
5
11
4
0
8
2
0
2
280
1049
2775
0
0
4902
24767
0
0
0
0
0
1
0
0
0
0
0
1
0
0
0
65
0
0
0
0
1759
1195
3
2
8
0
1
8
3
5
8
5
0
12
3
2
2
155
0
0
0
0
4542
19972
0
0
0
0
0
0
0
0
0
0
0
0
0
0
0
0
0
0
0
0
0
0
0
0
0
0
0
0
0
0
0
0
0
0
0
0
0
96
0
1766
0
0
0
0
0
0
0
0
0
0
0
0
0
0
0
0
0
0
0
0
0
0
0
0
0
367
0
5
12
2
0
12
6
4
10
4
0
10
7
0
4
335
0
0
0
4358
2812
18303
0
0
0
0
0
2
0
0
0
1
0
0
1
0
0
23
0
586
0
0
487
1048
0
2
0
1
0
4
1
0
1
1
0
0
1
0
0
109
0
0
0
1330
964
3349
0
6
7
1
3
16
8
13
24
8
0
23
11
0
8
479
0
0
0
11574
1481
47668
0
0
0
0
0
0
0
0
0
1
0
0
0
0
0
0
0
0
0
0
0
0
3
1
4
0
2
9
4
5
2
1
0
3
4
1
1
141
0
0
0
1072
3268
10177
0
0
0
0
0
0
0
0
0
0
0
0
0
0
0
0
0
0
0
0
0
0
0
1
1
0
0
1
1
2
2
0
0
2
0
0
0
89
201
1138
0
0
2163
5269
0
0
0
0
0
0
0
0
0
0
0
0
1
0
0
16
0
557
0
0
174
1100
0
0
1
0
3
1
0
0
0
1
0
3
0
0
0
172
1006
1466
0
315
1400
3596
0
9
10
3
3
4
18
11
8
6
0
8
2
2
10
448
1151
2604
0
2130
6435
33677
0
0
3
1
0
4
6
5
2
2
0
2
2
0
1
93
0
0
0
2671
63
7076
0
0
0
0
0
0
0
0
0
0
0
0
0
0
0
0
0
0
0
0
0
0
2
2
7
2
4
12
6
5
10
2
0
15
5
1
6
400
557
1746
0
294
5795
18171
1
2
1
1
2
5
2
0
2
1
0
2
2
0
0
202
0
0
0
2336
1673
5598
0
3
5
1
0
6
4
2
8
3
0
5
3
0
1
227
869
2347
0
0
4481
19696
0
0
0
0
0
0
0
0
0
0
0
0
0
0
0
0
0
0
0
0
0
0
0
0
2
0
0
0
0
0
1
0
0
0
0
0
0
15
0
212
0
0
238
1033
0
0
0
0
0
0
0
0
0
0
0
0
0
0
0
0
0
0
0
0
0
0
2
1
3
0
0
6
2
6
3
1
0
6
1
0
1
202
0
0
0
2707
1320
9168
0
5
3
0
1
2
1
2
3
0
0
4
0
0
1
329
0
0
0
2975
3030
5800
2
3
5
2
4
13
8
7
6
3
0
10
6
0
0
143
0
0
0
1889
2268
14424
3
1
9
3
0
8
4
5
10
2
0
27
3
2
8
543
2523
3560
0
5536
3793
30434
1
6
9
0
1
9
7
10
7
3
0
8
10
1
2
271
0
0
0
6576
2393
25585
0
5
7
0
1
6
6
2
2
4
0
5
2
0
3
268
614
2025
0
845
4597
16659
2
8
9
1
0
5
12
11
7
4
0
10
5
0
4
580
757
4338
0
2097
6248
42047
1
14
12
1
9
24
25
26
33
12
0
26
15
1
14
400
0
0
0
8632
2421
63504
0
0
1
0
0
2
0
0
1
2
0
1
1
0
0
50
0
0
0
0
1083
2517
1
0
0
0
0
0
1
3
2
0
0
0
0
0
0
35
0
0
0
319
660
1701
1
0
2
1
1
6
5
6
4
2
0
4
2
0
1
137
0
0
0
1135
2380
11051
1
0
1
0
3
0
2
3
3
1
0
3
0
0
0
93
0
0
0
339
2026
6685
4
2
7
0
4
10
11
7
11
3
0
9
2
0
2
159
0
0
0
3215
2189
24170
0
1
0
0
0
0
1
1
0
0
0
0
0
0
0
97
0
0
0
903
861
1096
0
0
1
1
0
1
3
1
0
1
0
1
2
0
0
137
0
0
0
1030
1454
2694
3
0
3
0
3
11
4
10
10
2
0
6
1
2
1
138
0
0
0
0
4544
13304
0
0
3
0
4
7
11
7
4
1
0
10
2
0
2
133
0
0
0
1969
1930
15051
0
4
3
0
4
9
5
2
11
2
0
2
5
0
1
275
0
0
0
4276
1952
10711
0
1
0
0
0
0
0
0
2
0
0
1
1
0
0
86
0
0
0
581
1023
1329
1
8
27
1
6
18
24
18
23
4
0
22
9
4
9
464
0
0
0
6669
4500
54056
1
5
11
1
0
4
3
4
11
5
0
23
4
1
1
473
4795
6166
112
2486
2588
26948
0
4
6
0
0
2
2
2
7
1
0
7
5
1
2
404
523
2439
0
866
2603
5751
0
0
0
0
0
0
0
0
0
0
0
0
0
0
0
0
0
0
0
0
0
0
1
1
3
0
0
2
4
8
8
1
0
4
0
0
2
123
0
0
0
0
3559
10472
0
0
0
0
0
0
0
0
0
0
0
0
0
0
0
0
0
0
0
0
0
0
0
0
0
0
0
0
0
0
0
0
0
0
0
0
0
0
0
0
0
0
0
365
1
3
3
0
2
5
5
2
6
4
0
4
1
0
2
510
4903
3897
0
3409
2858
13350
0
4
6
0
0
3
1
3
7
2
0
6
0
0
2
191
179
0
0
1441
2397
10826
2
1
4
0
1
3
1
7
2
0
0
1
2
0
0
309
0
0
0
1955
5566
37950
0
0
1
0
0
0
0
0
0
0
0
0
0
0
0
186
286
1179
0
1404
1882
2776
0
0
1
0
0
1
0
0
0
0
0
3
1
0
0
88
0
0
0
1712
1204
3372
0
0
0
0
0
0
0
0
0
0
0
0
0
0
0
0
0
0
0
0
0
152
1
3
9
0
6
16
22
12
7
2
0
13
6
0
2
264
0
0
0
3757
3285
26765
0
1
4
0
0
0
0
1
1
0
0
0
0
0
1
98
761
1068
0
1246
1275
2539
2
2
10
6
2
11
8
13
10
2
0
18
5
2
4
759
2985
8528
0
8646
4628
59397
2
1
3
1
1
4
3
2
2
0
0
4
2
0
2
100
0
0
0
667
2396
6492
0
0
2
0
1
1
0
0
2
3
0
6
0
0
0
185
207
0
0
255
2464
4491
4
1
1
0
1
10
1
5
10
3
0
7
0
3
2
218
249
1548
0
136
3528
10121
1
1
4
2
2
6
2
3
2
0
0
2
2
0
1
94
0
0
0
230
2738
9263
1
0
1
0
0
0
3
1
0
1
0
0
0
0
0
80
0
0
0
185
1707
3809
3
0
4
0
0
7
12
1
4
3
0
3
4
0
2
103
0
0
0
597
2806
12894
1
0
2
0
2
3
2
1
0
0
0
3
1
1
0
106
0
0
0
1151
1376
6367
0
0
3
0
0
3
3
0
0
1
0
3
4
0
0
84
0
0
0
906
1023
2127
0
1
0
0
1
1
0
0
1
0
0
0
0
0
0
49
0
0
0
241
773
1751
1
7
18
0
1
4
4
3
6
0
0
8
3
0
8
290
649
1785
0
3265
3268
12948
1
2
7
1
0
0
0
1
0
0
0
2
1
0
3
333
1059
1487
0
4643
2393
3630
4
14
30
1
8
36
25
20
42
13
0
46
10
6
9
2058
14166
8014
1809
35333
13399
129954
0
3
25
1
5
5
7
6
10
5
0
10
9
2
8
500
1151
5204
0
7874
4255
46812
0
0
0
0
0
0
0
0
0
0
0
2
0
0
0
29
0
0
0
520
525
641
1
1
1
0
0
0
0
1
1
0
0
4
1
0
0
308
927
565
0
267
1713
862
1
0
5
1
1
9
2
5
4
1
0
3
2
0
1
211
481
1672
0
0
3150
8673
0
0
1
0
0
2
0
0
1
0
0
2
2
0
0
24
0
0
0
462
575
768
0
2
0
1
1
1
3
0
0
1
0
1
1
0
2
142
2764
2975
1526
1832
0
4204
0
0
0
0
0
2
0
0
0
0
0
0
0
0
0
223
2024
2644
160
1191
0
0
1
3
22
1
2
9
9
6
6
5
0
18
3
1
3
305
0
0
0
5321
4978
26797
2
1
12
3
7
2
8
12
13
6
0
20
4
0
3
258
0
0
0
2471
4881
36069
4
6
23
3
3
8
15
24
11
5
0
22
4
7
9
1054
6429
19050
0
31929
1125
71907
1
2
3
0
2
2
7
8
4
2
0
7
2
0
1
153
0
0
0
1786
2006
11765
0
2
4
0
0
6
0
0
2
0
0
0
0
0
7
948
9975
5290
0
8720
4083
17868
2
2
7
2
0
2
1
1
2
1
0
2
1
0
1
66
0
0
0
512
1560
8387
1
0
1
0
0
2
0
1
0
1
0
0
1
0
0
94
249
1951
0
0
1670
2393
0
5
2
1
0
3
1
3
1
4
0
9
1
1
1
227
217
4404
0
0
5778
9689
2
0
9
2
1
6
12
19
2
6
0
8
1
0
2
129
0
0
0
964
3226
17397
0
0
1
0
0
0
4
0
0
1
0
0
0
0
0
24
0
0
0
0
710
940
1
1
10
0
3
6
16
17
9
3
0
9
3
0
1
146
0
0
0
1707
3425
28343
2
11
11
7
1
11
4
7
8
5
0
12
4
2
3
362
615
2194
0
1120
8418
43929
0
1
2
0
0
4
2
8
4
3
0
3
1
0
1
138
0
0
0
1671
1716
7601
1
0
2
0
1
2
0
3
1
2
0
0
1
0
0
61
0
0
0
798
1149
2779
0
0
2
0
1
1
5
2
7
1
0
5
0
0
1
167
0
0
0
1373
2380
8516
0
0
0
0
0
0
0
0
0
0
0
0
0
0
0
0
0
0
0
0
0
556
1
0
2
1
1
1
0
3
3
1
0
2
0
0
2
156
566
1200
0
0
2615
4755
1
0
1
0
3
2
1
2
5
3
0
9
2
0
0
135
0
0
0
3249
264
8350
0
8
14
4
4
10
8
10
11
4
0
12
1
0
5
347
0
0
0
4363
4598
29562
1
0
3
0
1
4
1
2
2
1
0
4
0
0
2
203
612
1841
0
0
2940
6269
0
0
1
0
0
2
1
0
0
0
0
2
1
0
0
48
0
0
0
686
481
1496
0
0
0
0
0
0
0
0
0
0
0
0
0
0
0
0
0
0
0
0
0
0
0
0
1
0
0
2
0
0
0
1
0
1
0
1
0
59
0
210
0
0
1251
1572
0
0
0
0
0
0
0
0
0
0
0
0
0
0
0
0
0
0
0
0
0
0
2
7
7
0
0
3
6
4
8
1
0
7
2
0
0
176
0
0
0
2039
2767
13994
0
0
0
0
0
0
0
0
0
0
0
0
0
0
0
0
0
0
0
0
0
214
0
0
1
1
1
0
0
2
0
0
0
3
0
0
0
121
0
0
0
1044
1799
4990
0
3
4
0
1
10
6
2
5
2
0
4
3
0
2
838
986
9999
0
0
8479
11917
1
3
3
0
1
4
1
1
1
3
0
1
2
0
0
165
0
0
0
1826
1895
8520
0
0
0
0
0
0
0
0
0
0
0
0
0
0
0
0
0
0
0
0
0
0
1
1
2
2
3
5
5
5
5
1
0
2
3
0
1
121
0
0
0
2093
2021
14598
0
4
13
2
7
11
11
11
13
2
0
11
6
1
1
108
0
0
0
860
4501
31109
0
0
0
0
0
0
0
0
0
0
0
0
0
0
0
0
0
0
0
0
0
0
0
0
0
0
0
0
0
0
0
0
0
0
0
0
0
0
0
0
0
0
0
0
0
1
1
1
1
4
1
0
0
2
0
2
1
0
1
124
435
919
0
344
1643
2853
2
20
21
4
3
12
6
19
20
12
0
13
6
1
6
232
0
0
0
0
6677
37099
0
0
5
0
1
5
2
5
4
1
0
5
4
0
1
96
0
0
0
1917
1816
5521
1
12
9
1
3
13
4
16
10
9
0
10
4
0
2
135
0
0
0
2716
2495
22115
0
0
0
0
0
0
0
0
0
0
0
0
0
0
0
0
0
0
0
0
0
0
0
2
5
0
2
4
6
9
8
2
0
7
1
0
0
395
1050
4055
0
2420
5577
19345
3
14
22
4
6
43
19
39
18
12
0
33
16
1
4
844
1140
1717
0
3516
7934
55486
0
0
0
0
0
0
0
0
0
0
0
0
0
0
0
0
0
0
0
0
0
0
0
0
0
0
0
0
0
0
0
0
0
0
0
0
0
0
0
0
0
0
0
0
1
4
8
1
2
9
7
19
8
3
0
14
3
1
3
135
0
0
0
1124
3815
21875
0
0
0
0
0
0
0
0
0
0
0
0
0
0
0
0
0
0
0
0
0
0
0
1
0
0
0
0
2
1
0
1
0
1
2
0
1
182
564
1013
0
573
1114
2699
0
0
0
0
0
0
0
0
0
0
0
0
0
0
0
0
0
0
0
0
0
0
0
0
0
0
0
0
0
0
0
0
0
0
0
0
0
0
0
0
0
0
0
0
0
0
0
0
0
0
0
0
0
0
0
0
0
0
0
0
0
0
0
0
0
0
0
0
0
0
0
0
0
0
0
0
0
0
0
0
0
0
0
0
0
0
0
0
0
0
0
0
0
0
0
0
0
0
0
0
0
0
0
0
0
0
0
0
0
0
1
2
16
3
4
8
8
11
10
4
0
21
3
0
3
194
0
0
0
0
6191
21049
0
0
3
1
0
0
1
4
2
0
0
3
1
0
1
160
233
870
0
966
1085
4058
0
0
1
0
0
0
0
0
0
0
0
1
0
0
0
236
2927
0
0
1821
395
1754
4
1
11
2
2
11
9
5
8
7
0
10
3
2
5
160
0
0
0
0
4957
17846
0
0
0
0
0
0
0
0
0
0
0
0
0
0
0
0
0
0
0
0
0
0
0
1
1
0
0
2
0
2
1
0
0
2
1
0
0
54
0
321
0
732
0
1546
0
0
0
0
0
0
0
0
0
0
0
0
0
0
0
0
0
0
0
0
0
0
0
0
0
0
0
0
0
0
0
0
0
0
0
0
0
0
0
0
0
0
0
0
1
3
10
1
1
3
0
2
1
1
0
9
5
0
2
95
0
0
0
1007
2290
8979
0
0
0
0
0
1
0
0
0
0
0
0
0
0
0
162
1818
0
0
1032
805
2968
9
17
28
5
10
19
29
27
31
13
0
42
6
5
8
262
0
0
0
0
9395
74877
0
0
0
0
0
0
0
0
0
0
0
0
0
0
0
0
0
0
0
0
0
0
2
15
16
3
0
4
2
1
5
1
0
9
1
0
2
271
993
4188
0
746
5634
24053
0
0
1
0
0
0
0
0
0
0
0
0
0
0
1
0
0
0
0
0
0
273
1
3
3
1
1
5
6
8
2
3
0
3
2
2
0
101
0
0
0
1623
1912
8629
0
0
0
0
0
0
0
0
0
0
0
0
0
0
0
0
0
0
0
0
0
273
0
0
0
0
0
0
0
0
0
0
0
0
1
0
1
409
4050
0
0
965
1265
2704
0
0
0
0
0
0
0
0
0
0
0
0
0
0
0
0
0
0
0
0
0
243
0
1
1
0
0
0
0
1
1
0
0
1
1
0
0
37
0
0
0
481
957
2436
2
8
7
0
1
6
6
7
13
6
0
7
4
0
5
192
0
0
0
1088
4237
22579
0
0
0
0
0
0
0
0
0
0
0
0
0
0
0
0
0
0
0
0
0
243
1
0
4
0
3
4
7
4
6
1
0
10
5
3
2
102
0
0
0
1374
3045
10293
0
0
0
0
0
0
0
0
0
0
0
0
0
0
0
0
0
0
0
0
0
243
0
0
0
0
0
0
0
0
0
0
0
0
0
0
0
0
0
0
0
0
0
243
0
0
0
0
0
0
0
0
0
0
0
0
0
0
0
0
0
0
0
0
0
0
0
6
9
0
4
10
11
22
17
11
0
16
2
2
7
225
0
0
0
0
6925
36003
0
0
10
2
2
4
12
8
3
1
0
3
7
0
4
112
0
0
0
568
3421
18250
1
7
19
4
15
14
43
15
8
5
0
24
13
1
4
229
0
0
0
0
8133
42251
5
12
19
0
4
12
15
14
17
8
0
23
12
0
6
194
0
0
0
3031
3499
48297
0
5
2
1
0
0
2
1
2
1
0
1
0
0
0
48
0
0
0
850
1204
4464
0
2
0
0
0
2
3
5
2
0
0
2
2
1
0
279
1572
1264
0
1028
1930
8437
1
1
6
2
3
4
13
13
4
3
0
12
4
0
3
135
0
0
0
1448
4167
19198
2
10
18
2
2
16
14
9
12
10
0
18
14
2
4
267
900
2075
0
509
4420
32760
0
0
0
0
0
0
0
0
0
0
0
0
0
0
0
0
0
0
0
0
0
0
3
18
11
1
5
10
18
12
23
2
0
20
3
3
2
189
271
362
0
0
5606
31782
1
2
14
2
4
6
16
7
8
5
0
9
10
0
4
138
0
0
0
1584
3387
23187
0
0
0
0
0
0
0
0
0
0
0
0
0
0
0
0
0
0
0
0
0
0
0
1
0
0
1
1
1
0
0
0
0
0
2
1
0
104
0
0
0
560
1640
2596
2
3
9
0
1
5
7
13
5
4
0
10
9
0
12
142
0
0
0
0
4711
19140
1
1
6
3
1
3
2
19
1
1
0
5
0
0
1
90
0
0
0
0
3419
10820
2
4
11
3
3
7
7
9
6
7
0
15
4
2
7
392
0
2328
0
1407
8281
33296
3
6
9
5
3
10
13
5
12
4
0
7
8
4
6
220
0
0
0
0
6555
23779
1
1
1
0
1
7
2
10
2
9
0
3
3
2
1
243
577
1914
0
2261
2225
9394
1
4
6
1
1
3
1
1
9
5
0
3
0
1
2
96
0
0
0
0
3126
7908
6
15
27
3
4
15
11
32
32
12
0
51
10
4
4
541
3761
9492
0
2537
8356
70346
0
0
1
0
0
0
1
1
0
0
0
1
0
0
0
23
824
1798
0
0
458
985
0
3
3
0
3
2
5
7
4
1
0
3
1
0
1
129
0
0
0
1160
2496
10817
0
2
3
0
0
5
0
2
2
1
0
9
0
0
2
193
454
1186
0
2945
365
9051
0
0
0
0
0
0
0
1
0
0
0
0
0
0
0
8
0
996
0
0
245
995
0
3
14
2
3
5
6
14
5
4
0
10
4
2
2
110
0
0
0
0
4351
18674
0
1
0
0
0
2
1
2
2
1
0
2
3
0
2
64
0
0
0
796
1234
4537
0
0
0
0
0
0
0
0
0
0
0
0
0
0
0
0
0
0
0
0
0
0
1
0
2
0
3
1
8
5
1
3
0
1
4
0
1
115
0
0
0
821
2520
8175
3
1
6
2
0
9
11
13
8
8
0
15
2
2
2
201
0
0
0
0
6034
39647
0
0
2
0
0
2
1
3
1
1
0
1
1
0
0
46
0
0
0
604
1211
3330
0
3
1
0
0
1
1
1
1
0
0
2
3
0
0
23
0
0
0
0
1086
2618
0
2
3
1
1
4
2
14
5
5
0
4
1
0
1
395
2363
2939
0
946
2995
10815
1
1
3
3
3
5
6
17
10
8
0
6
3
0
2
108
0
0
0
975
3676
17654
1
0
9
5
5
11
13
5
7
7
0
9
5
1
3
154
0
0
0
0
5081
24924
0
0
2
1
0
2
0
0
0
0
0
1
0
0
0
103
382
1854
0
0
1241
1635
2
4
4
1
1
3
9
8
8
5
0
8
2
1
1
113
0
0
0
0
3671
15223
0
0
3
0
0
4
8
16
8
5
0
8
1
0
1
251
0
0
0
0
6327
28733
1
1
5
1
1
1
0
1
4
1
0
6
2
0
1
93
0
0
0
1612
483
7070
0
1
2
0
1
2
4
4
3
0
0
2
1
0
1
121
0
0
0
1272
1796
7023
1
2
1
0
0
1
0
0
0
0
0
1
0
0
0
169
1750
1285
0
0
2720
1476
2
2
10
3
2
1
7
5
5
3
0
7
2
0
3
195
0
0
0
2623
1403
12456
1
2
4
0
1
4
6
4
3
8
0
10
2
1
3
271
1049
2284
0
636
4609
20406
2
0
11
3
1
4
11
9
3
3
0
11
1
1
2
173
0
0
0
0
4467
19179
0
3
10
1
5
5
25
14
4
6
0
8
2
1
3
169
0
0
0
1170
3999
23867
2
0
10
0
2
8
6
14
8
8
0
15
4
3
2
196
0
0
0
0
5814
38669
2
1
10
1
2
3
4
12
12
6
0
16
4
1
2
216
1174
548
0
641
4718
19332
0
2
2
1
1
3
2
6
2
3
0
2
6
0
1
85
0
0
0
580
2394
7574
1
4
5
1
3
5
17
24
4
6
0
8
8
4
7
151
0
0
0
1054
3894
21545
1
3
12
0
3
6
7
18
4
4
0
8
3
0
5
173
644
0
0
949
3275
18391
0
0
0
0
0
1
0
0
0
0
0
0
0
0
0
28
162
576
0
0
494
442
3
0
4
1
2
3
1
6
4
0
0
4
1
0
0
291
2326
4574
0
0
2942
10716
0
0
4
3
0
5
0
3
4
1
0
9
2
0
1
88
0
0
0
0
2927
7947
3
2
10
0
2
3
9
12
8
0
0
13
6
1
11
169
0
0
0
1952
3593
24736
0
1
6
2
2
3
19
16
5
0
0
2
2
1
4
96
0
0
0
2203
2078
13355
0
0
0
0
0
0
0
0
0
0
0
0
0
0
0
46
1000
1594
0
0
0
0
0
0
0
0
0
0
0
0
0
0
0
0
0
0
0
28
631
989
0
0
400
0
0
0
0
0
0
0
1
0
0
0
0
0
0
0
0
13
0
0
0
0
446
302
0
0
0
0
0
0
0
0
0
1
0
0
0
0
0
27
388
780
0
0
282
210
0
0
0
0
0
0
0
0
0
0
0
0
0
0
0
0
0
0
0
0
0
0
0
0
0
0
0
0
0
0
0
0
0
0
0
0
0
39
1343
989
0
0
779
0
1
0
5
4
2
7
0
5
5
4
0
6
2
0
0
86
0
0
0
0
3278
10563
0
0
0
0
0
0
1
0
0
0
0
0
0
0
0
30
388
1419
0
0
222
1174
0
0
0
0
0
0
0
0
0
0
0
0
0
0
0
0
0
0
0
0
0
0
0
0
0
0
0
0
0
0
0
0
0
0
0
0
0
0
0
0
0
0
0
0
0
3
0
1
0
3
0
3
1
3
0
2
1
0
0
218
1238
2332
0
862
1212
3983
4
6
17
3
3
4
5
8
8
5
0
18
7
2
4
379
1291
2327
0
1521
4920
29362
0
0
4
0
0
1
1
1
1
1
0
3
0
0
2
132
0
0
0
1488
753
5055
0
0
1
0
0
0
1
1
3
1
0
2
1
0
0
179
986
3082
0
362
900
5431
0
0
1
0
0
0
0
1
2
3
0
2
0
0
1
145
3076
3206
0
0
5905
2336
1
0
6
1
1
3
1
9
7
6
0
6
4
1
2
237
0
405
0
0
9368
11453
5
3
18
4
2
10
7
9
16
10
0
16
7
0
8
283
0
0
0
2802
4609
39032
0
1
0
0
0
0
0
4
0
0
0
5
0
1
0
209
727
3325
0
284
1463
2008
0
0
1
0
0
2
0
0
3
0
0
2
2
1
2
66
264
692
0
0
1536
1765
0
0
0
0
0
0
0
0
0
0
0
0
0
0
0
0
0
0
0
0
0
0
0
3
6
3
1
2
1
11
5
3
0
11
2
0
3
162
0
0
0
1436
3220
13395
6
0
9
5
2
3
2
8
5
3
0
7
3
0
0
110
0
0
0
0
3754
15642
1
1
7
0
1
3
2
13
3
3
0
9
2
2
5
144
0
0
0
0
4743
17228
0
2
0
0
0
2
0
0
2
1
0
1
0
0
1
53
0
0
0
814
1219
2568
0
0
0
0
0
0
0
0
0
0
0
0
0
0
0
0
0
0
0
0
0
0
1
0
4
0
2
4
1
5
2
4
0
0
1
0
1
166
442
1223
0
1476
1568
6138
0
1
1
0
1
0
2
3
1
0
0
3
1
2
0
114
0
0
0
0
3968
2189
1
0
1
0
1
2
4
1
0
2
0
2
0
1
1
593
4277
3976
0
1296
55
4902
0
0
1
0
0
1
0
1
1
0
0
2
0
0
0
18
0
1369
0
0
485
3726
0
0
0
0
0
0
0
0
0
0
0
0
0
0
0
0
0
0
0
0
0
0
1
0
3
0
0
4
0
18
4
3
0
4
0
0
0
151
1055
3123
0
186
1863
9564
1
0
0
1
0
3
4
4
3
1
0
4
1
1
2
605
5295
6824
0
113
2218
9884
0
0
0
0
0
0
0
0
0
0
0
0
0
0
0
0
0
0
0
0
0
0
0
1
1
0
0
1
1
5
0
2
0
0
0
0
0
36
0
0
0
599
884
4136
0
0
1
0
0
2
1
1
1
1
0
3
2
0
0
48
0
0
0
0
1767
4783
1
0
2
0
0
4
1
1
2
0
0
4
1
0
1
242
2048
2115
0
1333
0
4534
0
0
0
0
0
0
0
0
0
0
0
0
0
0
0
0
0
0
0
0
0
338
1
0
0
0
0
0
0
1
1
0
0
2
1
0
0
42
0
0
0
0
1180
1915
0
0
0
0
0
0
0
0
0
0
0
0
0
0
0
218
0
2601
0
0
0
25
3
0
10
2
0
1
1
2
1
0
0
4
0
0
1
314
1315
1645
0
1439
3026
10774
2
0
5
4
2
3
3
9
2
0
0
5
3
1
2
113
0
0
0
0
2928
11980
0
0
2
0
1
0
1
3
1
0
0
0
0
1
0
145
565
1197
0
0
1470
1985
1
0
2
2
2
7
6
14
7
5
0
11
4
0
0
164
0
0
0
0
4346
18774
2
0
2
1
1
3
0
1
1
1
0
5
0
1
0
183
411
2490
0
0
2739
5639
0
0
2
0
2
5
0
4
3
2
0
5
0
0
1
201
852
3232
0
0
3296
7390
0
3
9
2
13
8
34
21
12
7
0
20
7
1
4
148
22
0
0
4822
1876
42710
0
0
17
1
4
2
13
19
13
6
0
13
9
0
4
178
0
0
0
389
4887
24893
2
4
11
2
1
9
3
16
9
5
0
18
5
2
3
171
0
0
0
0
5387
23138
0
0
0
0
0
0
0
0
0
0
0
0
0
0
0
0
0
0
0
0
0
0
2
2
20
2
3
9
9
13
11
6
0
19
4
2
3
427
697
4100
0
1112
6456
42134
0
0
0
0
0
0
0
0
0
0
0
0
0
0
0
0
0
0
0
0
0
0
0
0
0
0
0
0
0
0
0
0
0
0
0
0
0
0
0
0
0
0
0
0
4
0
9
2
4
4
9
9
6
3
0
10
8
5
0
446
481
1086
0
0
11202
38500
0
0
9
2
4
6
8
11
6
3
0
10
7
1
6
126
0
0
0
785
3318
15934
0
0
0
0
0
0
1
0
0
0
0
0
0
0
0
0
0
0
0
0
0
0
0
0
2
0
0
0
0
2
0
1
0
1
0
1
1
48
0
0
0
766
324
2777
3
1
9
4
5
4
14
15
10
9
0
10
3
3
7
472
1297
2732
0
4144
6527
49163
0
0
0
0
0
0
0
0
0
0
0
0
0
0
0
0
0
0
0
0
0
0
0
0
0
0
0
0
1
0
0
0
0
0
0
0
0
0
0
0
0
0
0
0
0
0
0
0
0
0
0
0
0
0
0
0
0
1
0
0
0
0
0
0
0
0
0
0
0
0
0
0
0
0
0
0
0
0
0
0
0
0
0
0
0
0
0
0
1
0
1
0
0
0
2
1
3
2
0
1
1
0
0
47
0
0
0
1268
297
3539
0
0
0
0
0
0
0
0
0
0
0
0
0
0
0
0
0
0
0
0
0
0
1
1
11
0
2
4
5
6
2
3
0
7
6
0
5
177
175
1092
0
0
4250
17032
5
14
8
1
1
9
7
7
11
3
0
13
3
4
4
366
3388
6811
0
2892
3847
36430
0
0
0
0
0
0
0
0
0
0
0
0
0
0
0
0
0
0
0
0
0
0
0
0
0
0
0
0
0
0
0
0
0
0
0
0
0
0
0
0
0
0
0
0
0
0
0
0
0
0
0
0
0
0
0
0
0
0
0
0
0
0
0
0
0
0
2
5
22
5
4
20
16
21
11
10
0
23
12
1
6
227
0
0
0
1770
4784
41418
1
0
0
0
0
0
0
1
0
1
0
0
1
1
0
138
756
534
0
0
2014
2920
0
0
0
0
0
0
0
0
0
0
0
0
0
0
0
0
0
0
0
0
0
0
1
3
6
1
1
4
4
12
7
3
0
11
1
1
3
407
1050
2072
0
4013
2648
18715
0
0
0
0
0
0
0
0
0
0
0
0
0
0
0
0
0
0
0
0
0
238
0
0
0
0
0
0
0
1
0
0
0
1
0
0
0
17
0
0
0
296
0
92
0
0
0
0
0
0
0
0
0
0
0
0
0
0
0
0
0
0
0
0
0
0
0
0
0
0
0
0
0
0
0
0
0
0
0
0
0
0
0
0
0
0
0
0
0
0
0
0
0
0
0
0
0
0
0
0
0
0
0
0
0
0
0
0
0
0
0
0
0
0
0
0
0
0
0
0
0
0
0
0
0
0
0
0
0
0
0
0
0
0
0
0
0
0
0
0
0
0
0
0
0
0
0
0
0
0
0
0
0
0
0
0
0
0
0
0
0
2
0
0
0
1
0
0
0
26
0
0
0
0
953
831
0
0
0
0
0
0
0
0
0
0
0
0
0
0
0
0
0
0
0
0
0
209
0
0
0
0
0
0
0
0
0
0
0
0
0
0
0
0
0
0
0
0
0
0
1
2
4
1
1
4
4
13
3
1
0
4
2
0
1
106
0
0
0
0
2931
10491
0
0
9
2
0
1
3
6
3
1
0
8
0
0
1
250
1544
4146
0
0
2949
12103
1
1
4
0
1
3
4
8
5
5
0
10
2
0
1
188
0
0
0
3040
3512
10804
0
0
0
0
0
0
0
0
0
0
0
0
0
0
0
64
0
808
0
0
0
0
0
0
0
0
0
0
0
0
0
0
0
0
0
0
0
24
0
433
0
0
0
0
0
0
4
2
1
1
6
4
2
3
0
4
3
0
0
85
0
0
0
1562
1546
6906
0
0
0
0
0
0
0
0
0
0
0
0
0
0
0
0
0
0
0
0
0
0
0
0
0
0
0
0
0
0
0
0
0
0
0
0
0
72
0
1291
0
0
0
0
0
0
0
0
0
0
0
0
0
0
0
0
0
0
0
72
0
1291
0
0
0
0
0
0
5
0
1
1
1
1
0
1
0
2
0
0
1
170
1054
1354
0
743
1293
2116
0
0
0
0
0
0
0
0
0
0
0
0
0
0
0
0
0
0
0
0
0
0
0
0
0
0
0
0
0
0
0
0
0
0
0
0
0
32
0
559
0
0
0
0
0
0
0
0
0
0
0
0
0
0
0
0
0
0
0
0
0
0
0
0
0
0
0
0
0
0
0
0
0
0
0
0
0
0
0
0
0
0
0
0
0
0
0
0
0
0
0
0
0
0
0
0
0
0
0
0
0
0
0
0
0
0
0
0
0
0
0
0
0
0
0
0
0
0
0
0
0
0
0
0
0
0
0
0
0
0
0
0
0
1
2
0
0
0
2
4
2
1
0
1
0
0
3
148
0
0
0
1245
2016
4603
2
0
6
1
3
2
2
7
10
2
0
11
2
0
1
374
1179
808
0
80
5766
12283
0
0
0
0
0
0
0
0
0
0
0
0
0
0
0
45
325
2143
0
0
290
20
0
0
0
0
0
0
0
0
0
0
0
0
0
0
0
0
0
0
0
0
0
0
0
0
0
0
0
0
0
0
0
0
0
0
0
0
0
0
0
0
0
0
0
0
1
1
3
0
1
2
2
2
4
0
0
6
0
0
0
124
1406
1978
0
0
2719
5101
0
0
0
0
0
0
0
0
0
0
0
0
0
0
0
0
0
0
0
0
0
0
0
0
0
0
0
0
0
0
0
0
0
0
0
0
0
0
0
0
0
0
0
0
0
0
0
0
0
0
0
0
0
0
0
0
0
0
0
0
0
0
0
0
0
0
0
0
0
0
0
0
0
0
0
0
0
0
0
0
0
0
0
0
0
0
0
0
2
2
14
3
3
10
6
13
9
7
0
18
8
2
6
400
1129
1244
0
0
7024
21855
6
4
19
5
4
5
10
29
23
11
0
18
6
5
8
226
307
3631
0
0
6554
38154
0
0
0
0
0
0
0
0
0
0
0
0
0
0
0
0
0
0
0
0
0
0
1
3
6
1
1
4
5
7
10
0
0
11
6
2
3
470
549
7902
0
7378
7307
10010
1
8
9
1
2
3
3
18
11
9
0
16
8
1
5
266
425
1205
0
0
5917
25041
3
6
8
4
3
10
6
16
13
4
0
22
4
3
5
332
0
0
0
2118
8221
31910
0
2
5
0
2
5
2
9
4
2
0
3
2
0
2
190
479
819
0
2071
2153
10450
1
7
15
2
3
8
17
13
12
4
0
24
4
4
5
342
606
3107
0
2767
3468
35420
0
2
4
1
1
5
1
9
4
5
0
8
5
0
2
121
0
0
0
1169
2269
14836
0
1
2
0
1
2
7
1
2
0
0
4
2
1
0
60
0
0
0
2085
890
11448
2
6
19
2
3
5
5
16
13
6
0
27
6
0
14
331
0
0
0
1629
8790
37660
1
0
0
0
0
1
1
1
0
0
0
1
0
0
1
73
0
0
0
1301
393
3189
0
0
2
1
1
4
1
8
1
0
0
2
2
1
0
110
0
0
0
0
3881
8909
0
6
3
1
0
7
3
10
6
3
0
12
5
1
1
161
0
0
0
1397
3168
17442
0
0
0
0
0
1
0
2
2
1
0
0
2
2
0
108
412
0
0
1793
0
2543
0
0
1
0
0
0
0
0
0
0
0
1
0
0
0
6
0
0
0
0
199
320
0
0
0
0
0
0
0
0
0
0
0
0
0
0
0
0
0
0
0
0
0
0
1
0
5
1
3
12
5
8
10
4
0
6
7
3
0
290
0
0
0
4791
5619
37797
0
0
0
0
0
0
0
0
0
0
0
0
0
0
0
0
0
0
0
0
0
0
0
0
1
0
0
0
0
0
0
0
0
1
0
0
0
0
0
0
0
0
0
427
0
0
0
0
0
0
0
0
0
0
0
1
1
0
0
34
181
672
0
0
472
1362
0
0
0
0
0
0
0
0
0
0
0
0
0
0
0
0
0
0
0
0
0
0
0
0
0
0
1
0
0
0
0
1
0
1
0
0
0
162
409
876
0
237
1244
496
0
0
0
0
0
0
0
0
0
1
0
0
0
0
1
19
123
764
0
0
164
590
1
5
8
1
3
6
2
13
11
4
0
21
5
2
7
314
0
0
0
1249
6793
29390
0
0
0
0
0
0
0
0
0
0
0
0
0
0
1
0
0
0
0
0
0
0
1
2
2
0
0
3
0
3
0
1
0
2
0
1
0
177
205
4209
0
0
2935
4339
0
0
0
0
0
0
0
1
1
0
0
1
0
0
0
50
0
2723
0
0
870
949
0
0
0
0
0
0
0
0
0
0
0
0
0
0
0
0
0
0
0
0
0
0
0
4
0
0
0
0
0
0
0
0
0
6
0
0
1
208
340
1146
0
121
2164
3156
1
1
0
0
0
0
0
1
0
1
0
1
0
0
1
57
250
3060
0
0
710
1682
0
0
1
0
0
0
0
1
0
0
0
0
0
0
1
30
0
2723
0
0
575
848
0
1
4
0
1
1
0
1
1
1
0
1
1
0
0
201
497
964
0
692
1558
3248
0
2
2
0
0
2
0
1
0
0
0
2
0
0
0
130
246
1981
0
0
2143
1820
0
2
1
0
2
0
0
3
1
2
0
0
0
0
1
200
461
911
0
480
3100
2726
4
4
8
1
4
7
9
11
6
6
0
5
0
2
8
315
0
0
0
3051
7408
35065
0
3
1
0
0
0
1
1
1
1
0
0
0
0
0
60
0
1312
0
0
1602
311
0
0
0
0
0
0
0
0
0
0
0
0
0
0
0
0
0
0
0
0
0
0
0
1
1
0
0
0
0
2
1
0
0
1
1
0
1
22
0
0
0
0
795
535
2
1
6
0
2
3
6
16
5
5
0
11
4
1
4
205
0
0
0
1842
3011
16481
0
0
0
0
0
0
0
1
0
0
0
0
0
0
0
14
0
0
0
0
462
916
0
0
0
0
0
0
1
1
0
0
0
0
1
0
0
8
0
0
0
0
633
828
0
0
5
1
4
3
4
8
3
3
0
2
1
0
1
107
0
0
0
0
3517
6731
0
0
1
0
0
1
1
1
0
1
0
1
0
0
1
67
0
0
0
378
1185
1448
0
0
0
0
0
4
4
1
0
1
0
3
0
0
0
52
0
0
0
0
1471
1996
1
0
5
2
2
4
8
9
6
3
0
8
1
1
1
79
0
0
0
0
3309
11444
0
0
0
0
0
1
0
1
0
0
0
1
0
0
0
25
0
0
0
152
605
711
0
2
4
1
3
0
2
10
4
2
0
7
0
0
1
152
0
0
0
0
3228
10831
3
4
17
4
7
10
18
44
15
14
0
30
5
4
3
561
0
0
0
9335
6277
61334
1
4
12
2
2
8
11
10
11
4
0
18
5
3
7
279
0
0
0
0
7693
53652
3
0
3
1
2
2
5
5
5
2
0
12
0
0
1
158
0
0
0
0
5816
8706
5
0
7
2
1
1
3
6
4
2
0
8
0
0
2
265
757
3292
0
0
6218
15671
0
0
0
0
0
0
0
0
0
0
0
0
0
0
0
0
0
0
0
0
0
0
0
0
3
0
0
0
0
2
2
1
0
1
0
0
0
126
298
449
0
1063
1464
2820
3
9
18
3
1
10
2
19
23
8
0
24
5
0
5
261
0
0
0
2217
4199
38524
0
0
0
0
0
0
0
0
0
0
0
0
0
0
0
0
0
0
0
0
0
0
0
0
0
0
0
0
0
0
0
0
0
0
0
0
0
32
0
0
0
688
123
298
0
0
0
0
0
0
0
0
0
0
0
0
0
0
0
0
0
0
0
0
0
0
0
1
0
0
0
0
0
0
2
0
0
1
1
0
0
103
1096
2194
0
0
1250
775
2
2
10
2
3
2
0
11
7
4
0
15
4
0
3
287
298
888
0
2649
3752
21091
0
0
0
0
0
0
0
0
0
0
0
0
0
0
0
0
0
0
0
0
0
0
4
1
9
2
2
1
2
9
6
7
0
8
0
0
2
137
0
0
0
0
4668
20222
0
0
0
0
0
0
0
0
0
0
0
0
0
0
0
0
0
0
0
0
0
0
2
1
8
1
4
7
10
6
17
3
0
14
5
1
1
342
2042
4638
0
0
7118
27778
0
0
0
0
0
0
0
0
0
0
0
0
0
0
0
0
0
0
0
0
0
0
0
0
0
0
0
0
0
0
0
0
0
0
0
0
0
0
0
0
0
0
0
0
0
0
0
0
0
0
0
0
0
0
0
0
0
0
0
0
0
0
0
0
0
146
0
0
0
0
0
0
0
0
0
0
0
0
0
0
0
0
0
0
0
0
0
0
0
0
0
0
0
0
0
0
0
0
0
0
0
0
0
0
0
0
0
0
0
146
1
1
1
1
1
0
1
3
1
0
0
2
0
0
0
127
231
1971
0
0
2650
3723
0
0
0
0
0
0
0
0
0
0
0
0
0
0
0
0
0
0
0
0
0
0
0
0
0
0
0
0
0
0
0
0
0
0
0
0
0
0
0
0
0
0
0
0
1
0
4
0
1
3
1
5
6
1
0
11
1
0
0
275
793
5923
0
0
5445
20483
3
3
5
0
0
0
2
0
2
0
0
8
0
4
1
208
579
3806
0
0
4633
6190
2
2
12
0
2
5
3
12
12
6
0
17
3
0
1
233
0
0
0
3731
2300
26357
0
0
0
0
0
0
0
0
0
0
0
0
0
0
0
0
0
0
0
0
0
0
0
0
3
0
1
0
2
2
2
0
0
0
0
0
0
91
0
2497
0
0
1877
3127
1
4
2
2
4
5
3
3
2
3
0
10
2
1
1
225
687
3663
0
0
5122
14801
2
0
4
0
0
1
0
3
0
2
0
3
2
0
1
150
0
0
0
0
3263
8270
1
0
6
3
1
2
7
11
11
6
0
23
0
1
1
250
997
4220
0
0
6367
32309
1
1
9
2
1
3
3
13
3
2
0
9
2
1
2
142
0
0
0
1423
2733
16574
2
2
11
2
3
4
3
13
8
3
0
16
3
2
2
264
0
0
0
0
7028
26155
0
0
0
1
0
0
0
2
2
0
0
0
1
0
0
80
296
833
0
0
1534
1734
3
0
5
0
0
3
1
1
2
1
0
4
1
1
2
196
2272
1857
0
0
3623
4596
1
0
2
1
0
0
0
0
5
5
0
3
1
0
0
193
2347
2258
0
0
1764
6391
1
3
2
2
3
4
4
8
7
2
0
18
3
2
4
241
400
3380
0
0
5617
13614
0
0
0
0
0
0
0
0
0
0
0
0
0
0
0
25
2255
0
0
0
0
0
0
0
0
0
0
0
0
0
0
0
0
0
0
0
0
92
2278
877
0
0
0
0
0
1
2
0
0
0
0
0
3
0
0
3
1
1
0
79
768
1762
0
0
832
525
0
0
0
0
0
0
0
0
0
0
0
0
0
0
0
127
2933
1236
0
0
0
227
0
0
0
0
0
1
0
0
0
0
0
0
0
0
0
60
505
827
0
0
340
26
0
0
0
0
0
0
0
0
0
0
0
0
0
0
0
0
0
0
0
0
0
0