           1
           0
           0
           0
           0
           0
           0
           0
           0
           0
           0
           0
           0
           0
           0
           0
           0
           0
           0
           0
           0
           0
           0
           0
           0
           0
           0
           0
           0
           0
           0
           0
           0
           0
        1191
        1196
           0
           0
           0
           0
           0
        1181
           0
           0
           0
           0
           0
           0
           0
           0
           0
           0
           0
        1198
           0
           0
           0
           0
           0
           0
           0
           0
           0
           0
           0
           0
           0
           0
           0
           0
           0
           0
           0
        1197
           0
           0
           0
        1194
           0
           0
           0
        1199
           0
           0
        1192
        1190
           0
           0
        1184
        1195
           0
           0
           0
           0
           0
           0
           0
           0
           0
           0
           0
           0
           0
           0
           0
           0
           0
           0
        1171
           0
           0
           0
           0
           0
           0
        1187
           0
           0
           0
           0
        1176
           0
        1174
           0
           0
        1193
           0
           0
           0
           0
           0
           0
           0
           0
           0
           0
           0
           0
           0
           0
           0
           0
           0
           0
           0
           0
           0
           0
           0
           0
           0
           0
           0
           0
           0
           0
           0
           0
           0
        1166
           0
           0
        1169
           0
           0
           0
         933
           0
           0
           0
           0
           0
        1111
           0
           0
           0
        1158
        1180
           0
           0
           0
           0
           0
           0
           0
           0
           0
           0
           0
           0
           0
           0
           0
           0
           0
           0
           0
           0
           0
        1103
        1185
           0
           0
           0
           0
           0
           0
           0
           0
           0
        1189
           0
           0
           0
           0
        1100
           0
           0
           0
           0
           0
        1159
           0
           0
           0
           0
           0
           0
        1014
           0
           0
           0
           0
           0
        1015
           0
           0
           0
        1097
        1095
           0
           0
           0
           0
           0
           0
           0
        1177
           0
        1186
           0
           0
           0
           0
           0
           0
           0
           0
        1084
        1161
           0
           0
           0
         985
        1167
           0
           0
        1000
           0
           0
           0
           0
           0
           0
           0
           0
        1001
           0
           0
        1005
           0
           0
        1004
           0
           0
           0
        1008
        1164
           0
           0
           0
        1165
           0
           0
           0
           0
           0
           0
           0
        1125
           0
           0
           0
        1162
           0
           0
           0
           0
           0
        1188
         987
        1018
           0
           0
           0
           0
           0
           0
           0
        1118
         955
           0
           0
           0
        1025
           0
           0
        1182
           0
           0
           0
           0
        1056
           0
           0
           0
        1073
        1035
           0
           0
           0
           0
           0
           0
           0
           0
           0
           0
           0
        1013
           0
           0
           0
           0
           0
           0
        1157
           0
           0
           0
           0
           0
           0
           0
           0
         996
           0
           0
        1062
           0
           0
           0
           0
           0
           0
           0
        1156
           0
           0
        1007
           0
           0
        1003
           0
         995
        1009
         980
           0
        1044
           0
         990
         953
           0
           0
           0
           0
           0
           0
           0
           0
         699
           0
           0
           0
           0
           0
           0
           0
           0
           0
           0
           0
           0
           0
           0
           0
           0
           0
        1052
           0
           0
           0
           0
           0
           0
           0
           0
           0
           0
           0
           0
           0
           0
           0
           0
        1043
           0
         988
           0
        1063
           0
           0
           0
           0
           0
           0
           0
           0
         964
        1155
           0
           0
           0
           0
           0
           0
           0
           0
           0
           0
           0
           0
           0
           0
           0
           0
           0
           0
           0
           0
         931
           0
           0
           0
           0
         982
           0
           0
           0
           0
           0
           0
           0
           0
           0
           0
           0
           0
           0
           0
           0
        1041
           0
           0
           0
         974
           0
           0
           0
           0
           0
           0
           0
        1147
           0
           0
           0
           0
           0
           0
           0
           0
        1049
        1030
           0
           0
           0
           0
           0
           0
        1120
           0
        1145
        1146
           0
           0
        1121
        1148
           0
           0
        1149
           0
           0
        1151
           0
           0
           0
           0
           0
           0
           0
           0
           0
           0
         961
           0
        1154
           0
        1132
           0
           0
           0
        1116
           0
           0
           0
           0
           0
           0
           0
           0
           0
           0
           0
           0
           0
           0
           0
           0
           0
        1071
        1079
        1113
        1080
           0
        1078
           0
        1011
         924
        1037
           0
        1057
        1060
           0
         962
           0
           0
           0
           0
           0
           0
           0
           0
           0
           0
           0
        1098
           0
        1039
        1091
           0
           0
           0
           0
           0
           0
           0
           0
           0
        1099
           0
           0
           0
           0
           0
           0
           0
           0
           0
        1069
           0
           0
           0
           0
           0
           0
           0
        1110
           0
           0
           0
           0
           0
           0
        1107
           0
           0
           0
           0
           0
         795
           0
           0
        1178
           0
        1175
        1183
           0
        1173
        1179
        1172
           0
        1170
           0
           0
        1168
           0
           0
        1163
           0
        1160
           0
           0
           0
        1093
           0
           0
           0
         774
           0
           0
           0
           0
           0
           0
           0
           0
           0
           0
           0
           0
        1029
           0
           0
           0
         780
        1032
        1038
        1066
           0
        1081
        1070
        1089
           0
        1092
         972
        1101
        1076
        1102
        1096
        1085
        1105
           0
        1075
        1090
           0
           0
        1104
           0
           0
        1094
        1106
           0
        1086
           0
           0
           0
           0
           0
           0
           0
           0
           0
           0
           0
        1136
           0
        1126
           0
         932
           0
         918
         928
           0
           0
           0
         927
           0
           0
         916
         925
           0
           0
         920
         914
           0
           0
         911
         919
         994
           0
           0
           0
           0
           0
         970
           0
           0
         908
         917
           0
           0
         902
           0
           0
         912
        1028
           0
         899
           0
           0
         891
           0
           0
         903
           0
           0
         725
         969
         753
         966
           0
           0
           0
           0
           0
        1036
           0
           0
           0
           0
         960
           0
           0
           0
           0
           0
           0
         951
        1027
           0
        1031
           0
           0
           0
           0
           0
         718
           0
           0
           0
           0
           0
           0
           0
           0
           0
           0
           0
           0
         733
           0
           0
         771
        1010
           0
         659
           0
           0
         639
         977
         776
           0
           0
           0
         705
         711
         562
         592
         736
           0
         676
        1017
         958
         612
         963
         957
        1026
         635
         531
         527
           0
           0
         618
         703
         581
           0
         641
           0
         910
         991
           0
         422
         686
         897
           0
         557
         688
        1019
           0
         606
         530
         675
           0
           0
         563
         954
           0
         371
         968
        1083
           0
           0
         720
         721
         348
        1088
         444
           0
         978
           0
         632
         701
        1047
         435
           0
         408
         587
        1074
         684
         696
        1072
         704
         393
           0
        1067
        1065
        1058
        1054
           0
         175
         555
         673
         726
        1051
        1050
        1048
         336
        1022
           0
         544
         520
           0
         292
         681
           0
         460
           0
         666
         630
         956
         541
         558
         306
         625
         616
         385
         424
         426
         523
         624
         622
         617
         877
         497
         589
         672
         598
         601
         651
         373
         586
           0
         573
         593
         597
         525
         519
         881
           0
           0
         512
         471
         665
         432
         542
         664
         201
         638
         663
         997
         473
         662
         355
         559
         583
         661
           0
           0
         405
         644
           0
         660
         476
         658
         657
           0
         806
           0
         532
         565
           0
           0
         568
         439
         814
        1153
         346
         486
         805
        1042
         815
           0
         619
         798
         810
        1034
           0
           0
         410
         566
         351
         809
           0
         282
         350
         790
         803
           0
         394
         574
           0
         801
        1006
         786
         796
         837
         764
         446
         794
         381
         689
         760
         779
         789
           0
         775
         645
         787
         545
         785
        1108
           0
         396
         390
         401
         556
         948
           0
         554
         359
         395
         552
         767
           0
           0
         600
           0
         378
         366
         458
         717
         865
         526
         572
         654
           0
           0
         416
         947
        1021
         284
         852
         737
         876
         939
         243
         550
         613
        1082
         372
         521
         853
         430
         293
         579
         543
           0
         700
           0
         503
         603
        1128
         729
        1123
        1124
        1127
           0
         412
         505
         469
         499
         744
        1131
         379
         730
         414
         553
         623
         929
         465
         979
         415
         418
         509
         478
         885
        1133
         307
         417
         698
         831
         261
         487
         866
           0
         382
         475
        1040
        1068
         236
         305
         431
        1077
        1141
         278
         602
         710
        1152
         480
        1115
           0
         315
         727
         213
         588
         251
         301
         708
         436
         570
         802
         886
         266
         745
           0
         294
         782
        1144
         238
           0
         271
        1150
         402
         716
         839
         998
         892
         437
         514
         766
         893
         904
         895
         731
         299
         922
           0
         240
         300
         765
         781
         844
         942
         302
         889
         749
           0
           0
         237
         246
         450
         769
         227
         234
         339
         973
         447
         309
         411
         915
         808
         181
         215
         311
        1142
         312
        1002
         830
         316
           0
         926
         357
         419
         935
         323
         321
           0
         442
         324
         440
         325
          88
         202
         326
         200
         425
         327
         967
           0
         235
         376
         896
         330
         332
         913
         203
           0
           0
         816
         999
         333
           0
         420
         340
         218
         296
         341
         400
         365
         637
         846
         349
         847
         343
         584
         959
         191
         719
        1061
        1140
           0
         380
         712
         358
         740
        1087
         258
        1114
         184
         763
         354
         772
         993
         337
         353
         338
         516
           0
         209
         647
         653
         818
         247
         646
         642
         883
         313
        1130
         851
        1055
         682
         890
        1053
         882
         906
         289
        1112
         138
         226
        1137
         250
         674
         295
         952
         210
         652
         907
         170
         265
         231
         634
        1059
         854
         878
         709
         738
         989
         268
         216
         205
         253
         604
         759
         770
         826
         949
        1138
         297
        1046
         697
         217
         464
         825
         245
         193
         207
         723
         241
         451
         578
           0
         747
           0
         755
        1109
        1135
         481
           0
         149
         455
        1033
         196
         427
         239
         185
         855
         125
         211
         406
         879
           0
         827
         880
         975
         219
         901
         986
         117
         188
         244
         856
        1016
         576
         828
        1139
         100
         500
         585
         599
         607
         626
         386
         176
          92
         199
         221
         212
         608
          65
        1012
         360
        1134
         165
        1024
         106
         177
         421
         690
         983
         403
         609
         142
         214
         171
         197
         155
         206
         162
         404
         169
          99
         648
         984
         192
         310
         715
         112
         160
          69
         195
         101
         102
         186
         208
         992
        1064
         104
         489
         105
         443
         488
         178
         194
         722
         107
         108
         477
         377
         116
         971
         109
         204
         198
         156
         190
        1023
         272
         857
         873
         884
         706
         742
         750
         832
          27
         179
         180
         900
         158
         344
         456
         739
         950
         187
         940
         140
          64
         981
         571
         746
        1020
         168
         448
          85
         387
         859
         260
         279
         867
         898
         182
         363
         248
         115
         858
         976
         143
         833
         887
         965
         490
          95
         127
         128
         620
         136
         894
          52
         848
         189
         274
         905
         283
         777
          73
         529
         119
         113
         174
         256
         707
         183
          74
         564
         114
         441
          90
         946
         166
         152
          89
         518
          98
         151
         467
          96
         799
         835
         383
         811
          93
          91
         813
         145
         838
          12
          57
         741
         103
         834
         267
          47
         462
         841
         132
         840
         817
         872
          54
         150
         438
         888
          58
         496
         407
          34
          75
           2
         384
         118
         693
         135
          63
         537
         540
         291
         614
         466
         110
         577
         120
          33
          40
          76
          37
          38
         829
         921
         303
         133
         627
          13
         633
         433
         374
         797
         285
         429
         111
         778
           3
          72
         713
         823
          77
         470
         495
          25
          56
         485
         510
         691
         482
         692
         536
         909
          66
         524
         754
         870
         423
         694
         153
         164
         290
         683
           5
          19
         163
          46
         314
          39
           0
         123
         157
         137
         850
          83
         286
          21
          41
         695
          59
          60
         275
         792
         129
          17
           0
         134
           8
         679
         756
         761
          51
         459
         788
         631
         783
         130
         479
         820
          11
         273
         280
         334
         262
         800
         139
         148
         126
         370
          86
          45
          70
         173
          81
         502
         628
          20
         513
        1143
         269
         413
          79
           0
          67
         762
          94
          48
          71
         498
          97
         748
         773
          36
         122
         484
          18
         146
          14
         667
           7
          22
          53
         352
         364
         551
         636
         167
         399
         784
         144
         655
          15
           4
         649
         687
          10
          50
         121
         328
         702
         124
         375
         472
           0
           9
         154
          26
           6
         743
          43
          80
         242
          44
         457
         230
         538
          16
         819
          61
          68
          42
          28
         862
         793
         611
         304
          87
         329
          35
         254
         367
         131
          62
         454
         528
         362
         159
          84
         147
          49
           0
          31
         335
         615
         610
         668
         517
         317
         677
          78
         678
         347
         590
          55
         533
          23
          30
          24
         141
         724
         229
          82
         259
         591
         255
         463
         276
         757
         224
         824
         172
         220
         506
         308
         319
           0
         836
         161
         868
         812
         596
          32
        1122
         567
         670
           0
        1129
          29
         680
         249
         277
         228
           0
           0
           0
         714
           0
         732
         650
         669
         874
         232
         791
         474
         511
         345
         388
         539
         685
         263
         331
         580
         869
         233
         842
        1119
           0
         225
         605
         264
           0
         453
           0
         758
         320
         575
         491
         640
         257
         288
         368
           0
         397
         522
         671
        1117
           0
         222
         861
         845
         936
         937
         934
           0
         391
           0
         298
         923
         849
           0
         930
         807
           0
           0
           0
           0
           0
         560
         252
         944
           0
         546
         943
           0
         941
         938
           0
         369
           0
           0
         287
         508
           0
         223
         392
         860
         751
         434
         356
         534
         547
         445
         461
         569
         483
         549
         428
         621
         504
         342
         398
         863
         656
         821
        1045
         493
         535
         734
         409
         548
         822
         281
         507
         594
         515
         752
           0
         468
         871
         728
         494
         945
         735
         322
         629
           0
         582
         501
           0
         449
         864
         843
           0
           0
         561
         270
         875
         804
         389
         595
         643
         768
         452
         492
         318
         361
           0
           0
           0